1 1707735853 0.000000 1 0.000000 0.000000 0.000000
2 1707735853 0.000000 1 0.000000 0.000000 0.000000
3 1707735853 0.000000 1 0.000000 0.000000 0.000000
4 1707735853 0.000000 1 0.000000 0.000000 0.000000
1 1707735854 0.000000 1 0.000000 0.000000 0.000000
2 1707735854 0.000000 1 0.000000 0.000000 0.000000
3 1707735854 0.000000 1 0.000000 0.000000 0.000000
4 1707735854 0.000000 1 0.000000 0.000000 0.000000
1 1707735855 0.000000 1 0.000000 0.000000 0.000000
2 1707735855 0.000000 1 0.000000 0.000000 0.000000
3 1707735855 0.000000 1 0.000000 0.000000 0.000000
4 1707735855 0.000000 1 0.000000 0.000000 0.000000
1 1707735856 1.000000 1 1.000000 1.000000 1.000000
2 1707735856 0.000000 1 0.000000 0.000000 0.000000
3 1707735856 0.000000 1 0.000000 0.000000 0.000000
4 1707735856 0.000000 1 0.000000 0.000000 0.000000
1 1707735857 1.000000 1 1.000000 1.000000 1.000000
2 1707735857 0.000000 1 0.000000 0.000000 0.000000
3 1707735857 0.000000 1 0.000000 0.000000 0.000000
4 1707735857 0.000000 1 0.000000 0.000000 0.000000
1 1707735858 1.000000 1 1.000000 1.000000 1.000000
2 1707735858 0.000000 1 0.000000 0.000000 0.000000
3 1707735858 0.000000 1 0.000000 0.000000 0.000000
4 1707735858 0.000000 1 0.000000 0.000000 0.000000
1 1707735859 1.000000 1 1.000000 1.000000 1.000000
2 1707735859 0.000000 1 0.000000 0.000000 0.000000
3 1707735859 0.000000 1 0.000000 0.000000 0.000000
4 1707735859 0.000000 1 0.000000 0.000000 0.000000
1 1707735860 1.000000 1 1.000000 1.000000 1.000000
2 1707735860 0.000000 1 0.000000 0.000000 0.000000
3 1707735860 0.000000 1 0.000000 0.000000 0.000000
4 1707735860 0.000000 1 0.000000 0.000000 0.000000
1 1707735861 1.000000 1 1.000000 1.000000 1.000000
2 1707735861 0.000000 1 0.000000 0.000000 0.000000
3 1707735861 0.000000 1 0.000000 0.000000 0.000000
4 1707735861 0.000000 1 0.000000 0.000000 0.000000
1 1707735862 1.000000 1 1.000000 1.000000 1.000000
2 1707735862 0.000000 1 0.000000 0.000000 0.000000
3 1707735862 0.000000 1 0.000000 0.000000 0.000000
4 1707735862 0.000000 1 0.000000 0.000000 0.000000
1 1707735863 1.000000 1 1.000000 1.000000 1.000000
2 1707735863 0.000000 1 0.000000 0.000000 0.000000
3 1707735863 0.000000 1 0.000000 0.000000 0.000000
4 1707735863 0.000000 1 0.000000 0.000000 0.000000
1 1707735864 1.000000 1 1.000000 1.000000 1.000000
2 1707735864 0.000000 1 0.000000 0.000000 0.000000
3 1707735864 0.000000 1 0.000000 0.000000 0.000000
4 1707735864 0.000000 1 0.000000 0.000000 0.000000
1 1707735865 1.000000 1 1.000000 1.000000 1.000000
2 1707735865 0.000000 1 0.000000 0.000000 0.000000
3 1707735865 0.000000 1 0.000000 0.000000 0.000000
4 1707735865 0.000000 1 0.000000 0.000000 0.000000
1 1707735866 2.000000 1 2.000000 2.000000 2.000000
2 1707735866 0.000000 1 0.000000 0.000000 0.000000
3 1707735866 0.000000 1 0.000000 0.000000 0.000000
4 1707735866 0.000000 1 0.000000 0.000000 0.000000
1 1707735867 2.000000 1 2.000000 2.000000 2.000000
2 1707735867 0.000000 1 0.000000 0.000000 0.000000
3 1707735867 0.000000 1 0.000000 0.000000 0.000000
4 1707735867 0.000000 1 0.000000 0.000000 0.000000
1 1707735868 2.000000 1 2.000000 2.000000 2.000000
2 1707735868 0.000000 1 0.000000 0.000000 0.000000
3 1707735868 0.000000 1 0.000000 0.000000 0.000000
4 1707735868 0.000000 1 0.000000 0.000000 0.000000
1 1707735869 2.000000 1 2.000000 2.000000 2.000000
2 1707735869 0.000000 1 0.000000 0.000000 0.000000
3 1707735869 0.000000 1 0.000000 0.000000 0.000000
4 1707735869 0.000000 1 0.000000 0.000000 0.000000
1 1707735870 2.000000 1 2.000000 2.000000 2.000000
2 1707735870 0.000000 1 0.000000 0.000000 0.000000
3 1707735870 0.000000 1 0.000000 0.000000 0.000000
4 1707735870 0.000000 1 0.000000 0.000000 0.000000
1 1707735871 2.000000 1 2.000000 2.000000 2.000000
2 1707735871 0.000000 1 0.000000 0.000000 0.000000
3 1707735871 0.000000 1 0.000000 0.000000 0.000000
4 1707735871 0.000000 1 0.000000 0.000000 0.000000
1 1707735872 2.000000 1 2.000000 2.000000 2.000000
2 1707735872 0.000000 1 0.000000 0.000000 0.000000
3 1707735872 0.000000 1 0.000000 0.000000 0.000000
4 1707735872 0.000000 1 0.000000 0.000000 0.000000
1 1707735873 2.000000 1 2.000000 2.000000 2.000000
2 1707735873 0.000000 1 0.000000 0.000000 0.000000
3 1707735873 0.000000 1 0.000000 0.000000 0.000000
4 1707735873 0.000000 1 0.000000 0.000000 0.000000
1 1707735874 2.000000 1 2.000000 2.000000 2.000000
2 1707735874 0.000000 1 0.000000 0.000000 0.000000
3 1707735874 0.000000 1 0.000000 0.000000 0.000000
4 1707735874 0.000000 1 0.000000 0.000000 0.000000
1 1707735875 2.000000 1 2.000000 2.000000 2.000000
2 1707735875 0.000000 1 0.000000 0.000000 0.000000
3 1707735875 0.000000 1 0.000000 0.000000 0.000000
4 1707735875 0.000000 1 0.000000 0.000000 0.000000
1 1707735876 3.000000 1 3.000000 3.000000 3.000000
2 1707735876 0.000000 1 0.000000 0.000000 0.000000
3 1707735876 0.000000 1 0.000000 0.000000 0.000000
4 1707735876 0.000000 1 0.000000 0.000000 0.000000
1 1707735877 3.000000 1 3.000000 3.000000 3.000000
2 1707735877 0.000000 1 0.000000 0.000000 0.000000
3 1707735877 0.000000 1 0.000000 0.000000 0.000000
4 1707735877 0.000000 1 0.000000 0.000000 0.000000
1 1707735878 3.000000 1 3.000000 3.000000 3.000000
2 1707735878 0.000000 1 0.000000 0.000000 0.000000
3 1707735878 0.000000 1 0.000000 0.000000 0.000000
4 1707735878 0.000000 1 0.000000 0.000000 0.000000
1 1707735879 3.000000 1 3.000000 3.000000 3.000000
2 1707735879 0.000000 1 0.000000 0.000000 0.000000
3 1707735879 0.000000 1 0.000000 0.000000 0.000000
4 1707735879 0.000000 1 0.000000 0.000000 0.000000
1 1707735880 3.000000 1 3.000000 3.000000 3.000000
2 1707735880 0.000000 1 0.000000 0.000000 0.000000
3 1707735880 0.000000 1 0.000000 0.000000 0.000000
4 1707735880 0.000000 1 0.000000 0.000000 0.000000
1 1707735881 3.000000 1 3.000000 3.000000 3.000000
2 1707735881 0.000000 1 0.000000 0.000000 0.000000
3 1707735881 0.000000 1 0.000000 0.000000 0.000000
4 1707735881 0.000000 1 0.000000 0.000000 0.000000
1 1707735882 3.000000 1 3.000000 3.000000 3.000000
2 1707735882 0.000000 1 0.000000 0.000000 0.000000
3 1707735882 0.000000 1 0.000000 0.000000 0.000000
4 1707735882 0.000000 1 0.000000 0.000000 0.000000
1 1707735883 3.000000 1 3.000000 3.000000 3.000000
2 1707735883 0.000000 1 0.000000 0.000000 0.000000
3 1707735883 0.000000 1 0.000000 0.000000 0.000000
4 1707735883 0.000000 1 0.000000 0.000000 0.000000
1 1707735884 3.000000 1 3.000000 3.000000 3.000000
2 1707735884 0.000000 1 0.000000 0.000000 0.000000
3 1707735884 0.000000 1 0.000000 0.000000 0.000000
4 1707735884 0.000000 1 0.000000 0.000000 0.000000
1 1707735885 3.000000 1 3.000000 3.000000 3.000000
2 1707735885 0.000000 1 0.000000 0.000000 0.000000
3 1707735885 0.000000 1 0.000000 0.000000 0.000000
4 1707735885 0.000000 1 0.000000 0.000000 0.000000
1 1707735886 4.000000 1 4.000000 4.000000 4.000000
2 1707735886 0.000000 1 0.000000 0.000000 0.000000
3 1707735886 0.000000 1 0.000000 0.000000 0.000000
4 1707735886 0.000000 1 0.000000 0.000000 0.000000
1 1707735887 4.000000 1 4.000000 4.000000 4.000000
2 1707735887 0.000000 1 0.000000 0.000000 0.000000
3 1707735887 0.000000 1 0.000000 0.000000 0.000000
4 1707735887 0.000000 1 0.000000 0.000000 0.000000
1 1707735888 4.000000 1 4.000000 4.000000 4.000000
2 1707735888 0.000000 1 0.000000 0.000000 0.000000
3 1707735888 0.000000 1 0.000000 0.000000 0.000000
4 1707735888 0.000000 1 0.000000 0.000000 0.000000
1 1707735889 4.000000 1 4.000000 4.000000 4.000000
2 1707735889 0.000000 1 0.000000 0.000000 0.000000
3 1707735889 0.000000 1 0.000000 0.000000 0.000000
4 1707735889 0.000000 1 0.000000 0.000000 0.000000
1 1707735890 4.000000 1 4.000000 4.000000 4.000000
2 1707735890 0.000000 1 0.000000 0.000000 0.000000
3 1707735890 0.000000 1 0.000000 0.000000 0.000000
4 1707735890 0.000000 1 0.000000 0.000000 0.000000
1 1707735891 4.000000 1 4.000000 4.000000 4.000000
2 1707735891 0.000000 1 0.000000 0.000000 0.000000
3 1707735891 0.000000 1 0.000000 0.000000 0.000000
4 1707735891 0.000000 1 0.000000 0.000000 0.000000
1 1707735892 4.000000 1 4.000000 4.000000 4.000000
2 1707735892 0.000000 1 0.000000 0.000000 0.000000
3 1707735892 0.000000 1 0.000000 0.000000 0.000000
4 1707735892 0.000000 1 0.000000 0.000000 0.000000
1 1707735893 4.000000 1 4.000000 4.000000 4.000000
2 1707735893 0.000000 1 0.000000 0.000000 0.000000
3 1707735893 0.000000 1 0.000000 0.000000 0.000000
4 1707735893 0.000000 1 0.000000 0.000000 0.000000
1 1707735894 4.000000 1 4.000000 4.000000 4.000000
2 1707735894 0.000000 1 0.000000 0.000000 0.000000
3 1707735894 0.000000 1 0.000000 0.000000 0.000000
4 1707735894 0.000000 1 0.000000 0.000000 0.000000
1 1707735895 4.000000 1 4.000000 4.000000 4.000000
2 1707735895 0.000000 1 0.000000 0.000000 0.000000
3 1707735895 0.000000 1 0.000000 0.000000 0.000000
4 1707735895 0.000000 1 0.000000 0.000000 0.000000
1 1707735896 5.000000 1 5.000000 5.000000 5.000000
2 1707735896 0.000000 1 0.000000 0.000000 0.000000
3 1707735896 0.000000 1 0.000000 0.000000 0.000000
4 1707735896 0.000000 1 0.000000 0.000000 0.000000
1 1707735897 5.000000 1 5.000000 5.000000 5.000000
2 1707735897 0.000000 1 0.000000 0.000000 0.000000
3 1707735897 0.000000 1 0.000000 0.000000 0.000000
4 1707735897 0.000000 1 0.000000 0.000000 0.000000
1 1707735898 5.000000 1 5.000000 5.000000 5.000000
2 1707735898 0.000000 1 0.000000 0.000000 0.000000
3 1707735898 0.000000 1 0.000000 0.000000 0.000000
4 1707735898 0.000000 1 0.000000 0.000000 0.000000
1 1707735899 5.000000 1 5.000000 5.000000 5.000000
2 1707735899 0.000000 1 0.000000 0.000000 0.000000
3 1707735899 0.000000 1 0.000000 0.000000 0.000000
4 1707735899 0.000000 1 0.000000 0.000000 0.000000
1 1707735900 5.000000 1 5.000000 5.000000 5.000000
2 1707735900 0.000000 1 0.000000 0.000000 0.000000
3 1707735900 0.000000 1 0.000000 0.000000 0.000000
4 1707735900 0.000000 1 0.000000 0.000000 0.000000
1 1707735902 5.000000 1 5.000000 5.000000 5.000000
2 1707735902 0.000000 1 0.000000 0.000000 0.000000
3 1707735902 0.000000 1 0.000000 0.000000 0.000000
4 1707735902 0.000000 1 0.000000 0.000000 0.000000
1 1707735903 5.000000 1 5.000000 5.000000 5.000000
2 1707735903 0.000000 1 0.000000 0.000000 0.000000
3 1707735903 0.000000 1 0.000000 0.000000 0.000000
4 1707735903 0.000000 1 0.000000 0.000000 0.000000
1 1707735904 5.000000 1 5.000000 5.000000 5.000000
2 1707735904 0.000000 1 0.000000 0.000000 0.000000
3 1707735904 0.000000 1 0.000000 0.000000 0.000000
4 1707735904 0.000000 1 0.000000 0.000000 0.000000
1 1707735905 5.000000 1 5.000000 5.000000 5.000000
2 1707735905 0.000000 1 0.000000 0.000000 0.000000
3 1707735905 0.000000 1 0.000000 0.000000 0.000000
4 1707735905 0.000000 1 0.000000 0.000000 0.000000
1 1707735906 5.000000 1 5.000000 5.000000 5.000000
2 1707735906 1.000000 1 1.000000 1.000000 1.000000
3 1707735906 0.000000 1 0.000000 0.000000 0.000000
4 1707735906 0.000000 1 0.000000 0.000000 0.000000
1 1707735907 6.000000 1 6.000000 6.000000 6.000000
2 1707735907 0.000000 1 0.000000 0.000000 0.000000
3 1707735907 0.000000 1 0.000000 0.000000 0.000000
4 1707735907 0.000000 1 0.000000 0.000000 0.000000
1 1707735908 6.000000 1 6.000000 6.000000 6.000000
2 1707735908 0.000000 1 0.000000 0.000000 0.000000
3 1707735908 0.000000 1 0.000000 0.000000 0.000000
4 1707735908 0.000000 1 0.000000 0.000000 0.000000
1 1707735909 6.000000 1 6.000000 6.000000 6.000000
2 1707735909 0.000000 1 0.000000 0.000000 0.000000
3 1707735909 0.000000 1 0.000000 0.000000 0.000000
4 1707735909 0.000000 1 0.000000 0.000000 0.000000
1 1707735910 6.000000 1 6.000000 6.000000 6.000000
2 1707735910 0.000000 1 0.000000 0.000000 0.000000
3 1707735910 0.000000 1 0.000000 0.000000 0.000000
4 1707735910 0.000000 1 0.000000 0.000000 0.000000
1 1707735911 6.000000 1 6.000000 6.000000 6.000000
2 1707735911 0.000000 1 0.000000 0.000000 0.000000
3 1707735911 0.000000 1 0.000000 0.000000 0.000000
4 1707735911 0.000000 1 0.000000 0.000000 0.000000
1 1707735912 6.000000 1 6.000000 6.000000 6.000000
2 1707735912 0.000000 1 0.000000 0.000000 0.000000
3 1707735912 0.000000 1 0.000000 0.000000 0.000000
4 1707735912 0.000000 1 0.000000 0.000000 0.000000
1 1707735913 6.000000 1 6.000000 6.000000 6.000000
2 1707735913 0.000000 1 0.000000 0.000000 0.000000
3 1707735913 0.000000 1 0.000000 0.000000 0.000000
4 1707735913 0.000000 1 0.000000 0.000000 0.000000
1 1707735914 6.000000 1 6.000000 6.000000 6.000000
2 1707735914 0.000000 1 0.000000 0.000000 0.000000
3 1707735914 0.000000 1 0.000000 0.000000 0.000000
4 1707735914 0.000000 1 0.000000 0.000000 0.000000
1 1707735915 6.000000 1 6.000000 6.000000 6.000000
2 1707735915 0.000000 1 0.000000 0.000000 0.000000
3 1707735915 0.000000 1 0.000000 0.000000 0.000000
4 1707735915 1.000000 1 1.000000 1.000000 1.000000
1 1707735916 6.000000 1 6.000000 6.000000 6.000000
2 1707735916 0.000000 1 0.000000 0.000000 0.000000
3 1707735916 0.000000 1 0.000000 0.000000 0.000000
4 1707735916 1.000000 1 1.000000 1.000000 1.000000
1 1707735917 6.000000 1 6.000000 6.000000 6.000000
2 1707735917 0.000000 1 0.000000 0.000000 0.000000
3 1707735917 0.000000 1 0.000000 0.000000 0.000000
4 1707735917 1.000000 1 1.000000 1.000000 1.000000
1 1707735918 6.000000 1 6.000000 6.000000 6.000000
2 1707735918 0.000000 1 0.000000 0.000000 0.000000
3 1707735918 0.000000 1 0.000000 0.000000 0.000000
4 1707735918 1.000000 1 1.000000 1.000000 1.000000
1 1707735919 6.000000 1 6.000000 6.000000 6.000000
2 1707735919 0.000000 1 0.000000 0.000000 0.000000
3 1707735919 0.000000 1 0.000000 0.000000 0.000000
4 1707735919 1.000000 1 1.000000 1.000000 1.000000
1 1707735920 6.000000 1 6.000000 6.000000 6.000000
2 1707735920 0.000000 1 0.000000 0.000000 0.000000
3 1707735920 0.000000 1 0.000000 0.000000 0.000000
4 1707735920 1.000000 1 1.000000 1.000000 1.000000
1 1707735921 6.000000 1 6.000000 6.000000 6.000000
2 1707735921 0.000000 1 0.000000 0.000000 0.000000
3 1707735921 0.000000 1 0.000000 0.000000 0.000000
4 1707735921 1.000000 1 1.000000 1.000000 1.000000
1 1707735922 6.000000 1 6.000000 6.000000 6.000000
2 1707735922 0.000000 1 0.000000 0.000000 0.000000
3 1707735922 0.000000 1 0.000000 0.000000 0.000000
4 1707735922 1.000000 1 1.000000 1.000000 1.000000
1 1707735923 6.000000 1 6.000000 6.000000 6.000000
2 1707735923 0.000000 1 0.000000 0.000000 0.000000
3 1707735923 0.000000 1 0.000000 0.000000 0.000000
4 1707735923 1.000000 1 1.000000 1.000000 1.000000
1 1707735924 6.000000 1 6.000000 6.000000 6.000000
2 1707735924 0.000000 1 0.000000 0.000000 0.000000
3 1707735924 0.000000 1 0.000000 0.000000 0.000000
4 1707735924 1.000000 1 1.000000 1.000000 1.000000
1 1707735925 6.000000 1 6.000000 6.000000 6.000000
2 1707735925 0.000000 1 0.000000 0.000000 0.000000
3 1707735925 0.000000 1 0.000000 0.000000 0.000000
4 1707735925 1.000000 1 1.000000 1.000000 1.000000
1 1707735926 6.000000 1 6.000000 6.000000 6.000000
2 1707735926 0.000000 1 0.000000 0.000000 0.000000
3 1707735926 0.000000 1 0.000000 0.000000 0.000000
4 1707735926 1.000000 1 1.000000 1.000000 1.000000
1 1707735927 6.000000 1 6.000000 6.000000 6.000000
2 1707735927 0.000000 1 0.000000 0.000000 0.000000
3 1707735927 0.000000 1 0.000000 0.000000 0.000000
4 1707735927 1.000000 1 1.000000 1.000000 1.000000
1 1707735928 6.000000 1 6.000000 6.000000 6.000000
2 1707735928 0.000000 1 0.000000 0.000000 0.000000
3 1707735928 0.000000 1 0.000000 0.000000 0.000000
4 1707735928 1.000000 1 1.000000 1.000000 1.000000
1 1707735929 6.000000 1 6.000000 6.000000 6.000000
2 1707735929 0.000000 1 0.000000 0.000000 0.000000
3 1707735929 0.000000 1 0.000000 0.000000 0.000000
4 1707735929 2.000000 1 2.000000 2.000000 2.000000
1 1707735930 6.000000 1 6.000000 6.000000 6.000000
2 1707735930 0.000000 1 0.000000 0.000000 0.000000
3 1707735930 0.000000 1 0.000000 0.000000 0.000000
4 1707735930 2.000000 1 2.000000 2.000000 2.000000
1 1707735931 6.000000 1 6.000000 6.000000 6.000000
2 1707735931 0.000000 1 0.000000 0.000000 0.000000
3 1707735931 0.000000 1 0.000000 0.000000 0.000000
4 1707735931 2.000000 1 2.000000 2.000000 2.000000
1 1707735932 6.000000 1 6.000000 6.000000 6.000000
2 1707735932 0.000000 1 0.000000 0.000000 0.000000
3 1707735932 0.000000 1 0.000000 0.000000 0.000000
4 1707735932 2.000000 1 2.000000 2.000000 2.000000
1 1707735933 6.000000 1 6.000000 6.000000 6.000000
2 1707735933 0.000000 1 0.000000 0.000000 0.000000
3 1707735933 0.000000 1 0.000000 0.000000 0.000000
4 1707735933 2.000000 1 2.000000 2.000000 2.000000
1 1707735934 6.000000 1 6.000000 6.000000 6.000000
2 1707735934 0.000000 1 0.000000 0.000000 0.000000
3 1707735934 0.000000 1 0.000000 0.000000 0.000000
4 1707735934 3.000000 1 3.000000 3.000000 3.000000
1 1707735935 6.000000 1 6.000000 6.000000 6.000000
2 1707735935 0.000000 1 0.000000 0.000000 0.000000
3 1707735935 0.000000 1 0.000000 0.000000 0.000000
4 1707735935 3.000000 1 3.000000 3.000000 3.000000
1 1707735936 6.000000 1 6.000000 6.000000 6.000000
2 1707735936 0.000000 1 0.000000 0.000000 0.000000
3 1707735936 0.000000 1 0.000000 0.000000 0.000000
4 1707735936 3.000000 1 3.000000 3.000000 3.000000
1 1707735937 6.000000 1 6.000000 6.000000 6.000000
2 1707735937 0.000000 1 0.000000 0.000000 0.000000
3 1707735937 0.000000 1 0.000000 0.000000 0.000000
4 1707735937 3.000000 1 3.000000 3.000000 3.000000
1 1707735938 6.000000 1 6.000000 6.000000 6.000000
2 1707735938 0.000000 1 0.000000 0.000000 0.000000
3 1707735938 0.000000 1 0.000000 0.000000 0.000000
4 1707735938 3.000000 1 3.000000 3.000000 3.000000
1 1707735939 6.000000 1 6.000000 6.000000 6.000000
2 1707735939 0.000000 1 0.000000 0.000000 0.000000
3 1707735939 0.000000 1 0.000000 0.000000 0.000000
4 1707735939 3.000000 1 3.000000 3.000000 3.000000
1 1707735940 6.000000 1 6.000000 6.000000 6.000000
2 1707735940 0.000000 1 0.000000 0.000000 0.000000
3 1707735940 0.000000 1 0.000000 0.000000 0.000000
4 1707735940 3.000000 1 3.000000 3.000000 3.000000
1 1707735941 6.000000 1 6.000000 6.000000 6.000000
2 1707735941 0.000000 1 0.000000 0.000000 0.000000
3 1707735941 0.000000 1 0.000000 0.000000 0.000000
4 1707735941 3.000000 1 3.000000 3.000000 3.000000
1 1707735942 6.000000 1 6.000000 6.000000 6.000000
2 1707735942 0.000000 1 0.000000 0.000000 0.000000
3 1707735942 0.000000 1 0.000000 0.000000 0.000000
4 1707735942 3.000000 1 3.000000 3.000000 3.000000
1 1707735943 6.000000 1 6.000000 6.000000 6.000000
2 1707735943 0.000000 1 0.000000 0.000000 0.000000
3 1707735943 0.000000 1 0.000000 0.000000 0.000000
4 1707735943 3.000000 1 3.000000 3.000000 3.000000
1 1707735944 6.000000 1 6.000000 6.000000 6.000000
2 1707735944 0.000000 1 0.000000 0.000000 0.000000
3 1707735944 0.000000 1 0.000000 0.000000 0.000000
4 1707735944 3.000000 1 3.000000 3.000000 3.000000
1 1707735945 6.000000 1 6.000000 6.000000 6.000000
2 1707735945 0.000000 1 0.000000 0.000000 0.000000
3 1707735945 0.000000 1 0.000000 0.000000 0.000000
4 1707735945 3.000000 1 3.000000 3.000000 3.000000
1 1707735946 7.000000 1 7.000000 7.000000 7.000000
2 1707735946 0.000000 1 0.000000 0.000000 0.000000
3 1707735946 0.000000 1 0.000000 0.000000 0.000000
4 1707735946 3.000000 1 3.000000 3.000000 3.000000
1 1707735947 7.000000 1 7.000000 7.000000 7.000000
2 1707735947 0.000000 1 0.000000 0.000000 0.000000
3 1707735947 0.000000 1 0.000000 0.000000 0.000000
4 1707735947 3.000000 1 3.000000 3.000000 3.000000
1 1707735948 7.000000 1 7.000000 7.000000 7.000000
2 1707735948 0.000000 1 0.000000 0.000000 0.000000
3 1707735948 0.000000 1 0.000000 0.000000 0.000000
4 1707735948 3.000000 1 3.000000 3.000000 3.000000
1 1707735949 7.000000 1 7.000000 7.000000 7.000000
2 1707735949 0.000000 1 0.000000 0.000000 0.000000
3 1707735949 0.000000 1 0.000000 0.000000 0.000000
4 1707735949 3.000000 1 3.000000 3.000000 3.000000
1 1707735950 7.000000 1 7.000000 7.000000 7.000000
2 1707735950 0.000000 1 0.000000 0.000000 0.000000
3 1707735950 0.000000 1 0.000000 0.000000 0.000000
4 1707735950 3.000000 1 3.000000 3.000000 3.000000
1 1707735951 7.000000 1 7.000000 7.000000 7.000000
2 1707735951 0.000000 1 0.000000 0.000000 0.000000
3 1707735951 0.000000 1 0.000000 0.000000 0.000000
4 1707735951 3.000000 1 3.000000 3.000000 3.000000
1 1707735952 7.000000 1 7.000000 7.000000 7.000000
2 1707735952 0.000000 1 0.000000 0.000000 0.000000
3 1707735952 0.000000 1 0.000000 0.000000 0.000000
4 1707735952 3.000000 1 3.000000 3.000000 3.000000
1 1707735953 7.000000 1 7.000000 7.000000 7.000000
2 1707735953 0.000000 1 0.000000 0.000000 0.000000
3 1707735953 0.000000 1 0.000000 0.000000 0.000000
4 1707735953 3.000000 1 3.000000 3.000000 3.000000
1 1707735954 7.000000 1 7.000000 7.000000 7.000000
2 1707735954 0.000000 1 0.000000 0.000000 0.000000
3 1707735954 0.000000 1 0.000000 0.000000 0.000000
4 1707735954 3.000000 1 3.000000 3.000000 3.000000
1 1707735955 7.000000 1 7.000000 7.000000 7.000000
2 1707735955 0.000000 1 0.000000 0.000000 0.000000
3 1707735955 0.000000 1 0.000000 0.000000 0.000000
4 1707735955 3.000000 1 3.000000 3.000000 3.000000
1 1707735956 7.000000 1 7.000000 7.000000 7.000000
2 1707735956 0.000000 1 0.000000 0.000000 0.000000
3 1707735956 0.000000 1 0.000000 0.000000 0.000000
4 1707735956 3.000000 1 3.000000 3.000000 3.000000
1 1707735957 7.000000 1 7.000000 7.000000 7.000000
2 1707735957 0.000000 1 0.000000 0.000000 0.000000
3 1707735957 0.000000 1 0.000000 0.000000 0.000000
4 1707735957 3.000000 1 3.000000 3.000000 3.000000
1 1707735958 7.000000 1 7.000000 7.000000 7.000000
2 1707735958 0.000000 1 0.000000 0.000000 0.000000
3 1707735958 0.000000 1 0.000000 0.000000 0.000000
4 1707735958 3.000000 1 3.000000 3.000000 3.000000
1 1707735959 7.000000 1 7.000000 7.000000 7.000000
2 1707735959 0.000000 1 0.000000 0.000000 0.000000
3 1707735959 0.000000 1 0.000000 0.000000 0.000000
4 1707735959 3.000000 1 3.000000 3.000000 3.000000
1 1707735960 7.000000 1 7.000000 7.000000 7.000000
2 1707735960 0.000000 1 0.000000 0.000000 0.000000
3 1707735960 0.000000 1 0.000000 0.000000 0.000000
4 1707735960 3.000000 1 3.000000 3.000000 3.000000
1 1707735961 7.000000 1 7.000000 7.000000 7.000000
2 1707735961 0.000000 1 0.000000 0.000000 0.000000
3 1707735961 0.000000 1 0.000000 0.000000 0.000000
4 1707735961 3.000000 1 3.000000 3.000000 3.000000
1 1707735962 7.000000 1 7.000000 7.000000 7.000000
2 1707735962 0.000000 1 0.000000 0.000000 0.000000
3 1707735962 0.000000 1 0.000000 0.000000 0.000000
4 1707735962 3.000000 1 3.000000 3.000000 3.000000
1 1707735963 7.000000 1 7.000000 7.000000 7.000000
2 1707735963 0.000000 1 0.000000 0.000000 0.000000
3 1707735963 0.000000 1 0.000000 0.000000 0.000000
4 1707735963 3.000000 1 3.000000 3.000000 3.000000
1 1707735964 7.000000 1 7.000000 7.000000 7.000000
2 1707735964 0.000000 1 0.000000 0.000000 0.000000
3 1707735964 0.000000 1 0.000000 0.000000 0.000000
4 1707735964 3.000000 1 3.000000 3.000000 3.000000
1 1707735965 7.000000 1 7.000000 7.000000 7.000000
2 1707735965 0.000000 1 0.000000 0.000000 0.000000
3 1707735965 0.000000 1 0.000000 0.000000 0.000000
4 1707735965 3.000000 1 3.000000 3.000000 3.000000
1 1707735966 7.000000 1 7.000000 7.000000 7.000000
2 1707735966 0.000000 1 0.000000 0.000000 0.000000
3 1707735966 0.000000 1 0.000000 0.000000 0.000000
4 1707735966 3.000000 1 3.000000 3.000000 3.000000
1 1707735968 7.000000 1 7.000000 7.000000 7.000000
2 1707735968 0.000000 1 0.000000 0.000000 0.000000
3 1707735968 0.000000 1 0.000000 0.000000 0.000000
4 1707735968 3.000000 1 3.000000 3.000000 3.000000
1 1707735969 7.000000 1 7.000000 7.000000 7.000000
2 1707735969 0.000000 1 0.000000 0.000000 0.000000
3 1707735969 0.000000 1 0.000000 0.000000 0.000000
4 1707735969 3.000000 1 3.000000 3.000000 3.000000
1 1707735970 7.000000 1 7.000000 7.000000 7.000000
2 1707735970 0.000000 1 0.000000 0.000000 0.000000
3 1707735970 0.000000 1 0.000000 0.000000 0.000000
4 1707735970 3.000000 1 3.000000 3.000000 3.000000
1 1707735971 7.000000 1 7.000000 7.000000 7.000000
2 1707735971 0.000000 1 0.000000 0.000000 0.000000
3 1707735971 0.000000 1 0.000000 0.000000 0.000000
4 1707735971 3.000000 1 3.000000 3.000000 3.000000
1 1707735972 7.000000 1 7.000000 7.000000 7.000000
2 1707735972 0.000000 1 0.000000 0.000000 0.000000
3 1707735972 0.000000 1 0.000000 0.000000 0.000000
4 1707735972 3.000000 1 3.000000 3.000000 3.000000
1 1707735973 7.000000 1 7.000000 7.000000 7.000000
2 1707735973 0.000000 1 0.000000 0.000000 0.000000
3 1707735973 0.000000 1 0.000000 0.000000 0.000000
4 1707735973 3.000000 1 3.000000 3.000000 3.000000
1 1707735974 7.000000 1 7.000000 7.000000 7.000000
2 1707735974 0.000000 1 0.000000 0.000000 0.000000
3 1707735974 0.000000 1 0.000000 0.000000 0.000000
4 1707735974 3.000000 1 3.000000 3.000000 3.000000
1 1707735975 7.000000 1 7.000000 7.000000 7.000000
2 1707735975 0.000000 1 0.000000 0.000000 0.000000
3 1707735975 0.000000 1 0.000000 0.000000 0.000000
4 1707735975 3.000000 1 3.000000 3.000000 3.000000
1 1707735976 7.000000 1 7.000000 7.000000 7.000000
2 1707735976 0.000000 1 0.000000 0.000000 0.000000
3 1707735976 0.000000 1 0.000000 0.000000 0.000000
4 1707735976 3.000000 1 3.000000 3.000000 3.000000
1 1707735977 7.000000 1 7.000000 7.000000 7.000000
2 1707735977 0.000000 1 0.000000 0.000000 0.000000
3 1707735977 0.000000 1 0.000000 0.000000 0.000000
4 1707735977 3.000000 1 3.000000 3.000000 3.000000
1 1707735978 7.000000 1 7.000000 7.000000 7.000000
2 1707735978 0.000000 1 0.000000 0.000000 0.000000
3 1707735978 0.000000 1 0.000000 0.000000 0.000000
4 1707735978 3.000000 1 3.000000 3.000000 3.000000
1 1707735979 7.000000 1 7.000000 7.000000 7.000000
2 1707735979 0.000000 1 0.000000 0.000000 0.000000
3 1707735979 0.000000 1 0.000000 0.000000 0.000000
4 1707735979 3.000000 1 3.000000 3.000000 3.000000
1 1707735980 7.000000 1 7.000000 7.000000 7.000000
2 1707735980 0.000000 1 0.000000 0.000000 0.000000
3 1707735980 0.000000 1 0.000000 0.000000 0.000000
4 1707735980 3.000000 1 3.000000 3.000000 3.000000
1 1707735981 7.000000 1 7.000000 7.000000 7.000000
2 1707735981 0.000000 1 0.000000 0.000000 0.000000
3 1707735981 0.000000 1 0.000000 0.000000 0.000000
4 1707735981 3.000000 1 3.000000 3.000000 3.000000
1 1707735982 7.000000 1 7.000000 7.000000 7.000000
2 1707735982 0.000000 1 0.000000 0.000000 0.000000
3 1707735982 0.000000 1 0.000000 0.000000 0.000000
4 1707735982 3.000000 1 3.000000 3.000000 3.000000
1 1707735983 7.000000 1 7.000000 7.000000 7.000000
2 1707735983 0.000000 1 0.000000 0.000000 0.000000
3 1707735983 0.000000 1 0.000000 0.000000 0.000000
4 1707735983 3.000000 1 3.000000 3.000000 3.000000
1 1707735984 7.000000 1 7.000000 7.000000 7.000000
2 1707735984 0.000000 1 0.000000 0.000000 0.000000
3 1707735984 0.000000 1 0.000000 0.000000 0.000000
4 1707735984 3.000000 1 3.000000 3.000000 3.000000
1 1707735985 7.000000 1 7.000000 7.000000 7.000000
2 1707735985 0.000000 1 0.000000 0.000000 0.000000
3 1707735985 0.000000 1 0.000000 0.000000 0.000000
4 1707735985 3.000000 1 3.000000 3.000000 3.000000
1 1707735986 7.000000 1 7.000000 7.000000 7.000000
2 1707735986 0.000000 1 0.000000 0.000000 0.000000
3 1707735986 0.000000 1 0.000000 0.000000 0.000000
4 1707735986 3.000000 1 3.000000 3.000000 3.000000
1 1707735987 7.000000 1 7.000000 7.000000 7.000000
2 1707735987 0.000000 1 0.000000 0.000000 0.000000
3 1707735987 0.000000 1 0.000000 0.000000 0.000000
4 1707735987 3.000000 1 3.000000 3.000000 3.000000
1 1707735988 7.000000 1 7.000000 7.000000 7.000000
2 1707735988 0.000000 1 0.000000 0.000000 0.000000
3 1707735988 0.000000 1 0.000000 0.000000 0.000000
4 1707735988 3.000000 1 3.000000 3.000000 3.000000
1 1707735989 7.000000 1 7.000000 7.000000 7.000000
2 1707735989 0.000000 1 0.000000 0.000000 0.000000
3 1707735989 0.000000 1 0.000000 0.000000 0.000000
4 1707735989 3.000000 1 3.000000 3.000000 3.000000
1 1707735990 7.000000 1 7.000000 7.000000 7.000000
2 1707735990 0.000000 1 0.000000 0.000000 0.000000
3 1707735990 0.000000 1 0.000000 0.000000 0.000000
4 1707735990 3.000000 1 3.000000 3.000000 3.000000
1 1707735991 7.000000 1 7.000000 7.000000 7.000000
2 1707735991 0.000000 1 0.000000 0.000000 0.000000
3 1707735991 0.000000 1 0.000000 0.000000 0.000000
4 1707735991 3.000000 1 3.000000 3.000000 3.000000
1 1707735992 7.000000 1 7.000000 7.000000 7.000000
2 1707735992 0.000000 1 0.000000 0.000000 0.000000
3 1707735992 0.000000 1 0.000000 0.000000 0.000000
4 1707735992 3.000000 1 3.000000 3.000000 3.000000
1 1707735993 7.000000 1 7.000000 7.000000 7.000000
2 1707735993 0.000000 1 0.000000 0.000000 0.000000
3 1707735993 0.000000 1 0.000000 0.000000 0.000000
4 1707735993 3.000000 1 3.000000 3.000000 3.000000
1 1707735994 7.000000 1 7.000000 7.000000 7.000000
2 1707735994 0.000000 1 0.000000 0.000000 0.000000
3 1707735994 0.000000 1 0.000000 0.000000 0.000000
4 1707735994 3.000000 1 3.000000 3.000000 3.000000
1 1707735995 7.000000 1 7.000000 7.000000 7.000000
2 1707735995 0.000000 1 0.000000 0.000000 0.000000
3 1707735995 0.000000 1 0.000000 0.000000 0.000000
4 1707735995 3.000000 1 3.000000 3.000000 3.000000
1 1707735996 7.000000 1 7.000000 7.000000 7.000000
2 1707735996 0.000000 1 0.000000 0.000000 0.000000
3 1707735996 0.000000 1 0.000000 0.000000 0.000000
4 1707735996 3.000000 1 3.000000 3.000000 3.000000
1 1707735997 7.000000 1 7.000000 7.000000 7.000000
2 1707735997 0.000000 1 0.000000 0.000000 0.000000
3 1707735997 0.000000 1 0.000000 0.000000 0.000000
4 1707735997 3.000000 1 3.000000 3.000000 3.000000
1 1707735998 7.000000 1 7.000000 7.000000 7.000000
2 1707735998 0.000000 1 0.000000 0.000000 0.000000
3 1707735998 0.000000 1 0.000000 0.000000 0.000000
4 1707735998 3.000000 1 3.000000 3.000000 3.000000
1 1707735999 7.000000 1 7.000000 7.000000 7.000000
2 1707735999 0.000000 1 0.000000 0.000000 0.000000
3 1707735999 0.000000 1 0.000000 0.000000 0.000000
4 1707735999 3.000000 1 3.000000 3.000000 3.000000
1 1707736000 7.000000 1 7.000000 7.000000 7.000000
2 1707736000 0.000000 1 0.000000 0.000000 0.000000
3 1707736000 0.000000 1 0.000000 0.000000 0.000000
4 1707736000 3.000000 1 3.000000 3.000000 3.000000
1 1707736001 7.000000 1 7.000000 7.000000 7.000000
2 1707736001 0.000000 1 0.000000 0.000000 0.000000
3 1707736001 0.000000 1 0.000000 0.000000 0.000000
4 1707736001 3.000000 1 3.000000 3.000000 3.000000
1 1707736002 7.000000 1 7.000000 7.000000 7.000000
2 1707736002 0.000000 1 0.000000 0.000000 0.000000
3 1707736002 0.000000 1 0.000000 0.000000 0.000000
4 1707736002 3.000000 1 3.000000 3.000000 3.000000
1 1707736003 7.000000 1 7.000000 7.000000 7.000000
2 1707736003 0.000000 1 0.000000 0.000000 0.000000
3 1707736003 0.000000 1 0.000000 0.000000 0.000000
4 1707736003 3.000000 1 3.000000 3.000000 3.000000
1 1707736004 7.000000 1 7.000000 7.000000 7.000000
2 1707736004 0.000000 1 0.000000 0.000000 0.000000
3 1707736004 0.000000 1 0.000000 0.000000 0.000000
4 1707736004 3.000000 1 3.000000 3.000000 3.000000
1 1707736005 7.000000 1 7.000000 7.000000 7.000000
2 1707736005 0.000000 1 0.000000 0.000000 0.000000
3 1707736005 0.000000 1 0.000000 0.000000 0.000000
4 1707736005 3.000000 1 3.000000 3.000000 3.000000
1 1707736006 7.000000 1 7.000000 7.000000 7.000000
2 1707736006 0.000000 1 0.000000 0.000000 0.000000
3 1707736006 0.000000 1 0.000000 0.000000 0.000000
4 1707736006 3.000000 1 3.000000 3.000000 3.000000
1 1707736007 7.000000 1 7.000000 7.000000 7.000000
2 1707736007 0.000000 1 0.000000 0.000000 0.000000
3 1707736007 0.000000 1 0.000000 0.000000 0.000000
4 1707736007 3.000000 1 3.000000 3.000000 3.000000
1 1707736008 7.000000 1 7.000000 7.000000 7.000000
2 1707736008 0.000000 1 0.000000 0.000000 0.000000
3 1707736008 0.000000 1 0.000000 0.000000 0.000000
4 1707736008 3.000000 1 3.000000 3.000000 3.000000
1 1707736009 7.000000 1 7.000000 7.000000 7.000000
2 1707736009 0.000000 1 0.000000 0.000000 0.000000
3 1707736009 0.000000 1 0.000000 0.000000 0.000000
4 1707736009 3.000000 1 3.000000 3.000000 3.000000
1 1707736010 7.000000 1 7.000000 7.000000 7.000000
2 1707736010 0.000000 1 0.000000 0.000000 0.000000
3 1707736010 0.000000 1 0.000000 0.000000 0.000000
4 1707736010 3.000000 1 3.000000 3.000000 3.000000
1 1707736011 7.000000 1 7.000000 7.000000 7.000000
2 1707736011 0.000000 1 0.000000 0.000000 0.000000
3 1707736011 0.000000 1 0.000000 0.000000 0.000000
4 1707736011 3.000000 1 3.000000 3.000000 3.000000
1 1707736012 7.000000 1 7.000000 7.000000 7.000000
2 1707736012 0.000000 1 0.000000 0.000000 0.000000
3 1707736012 0.000000 1 0.000000 0.000000 0.000000
4 1707736012 3.000000 1 3.000000 3.000000 3.000000
1 1707736013 7.000000 1 7.000000 7.000000 7.000000
2 1707736013 0.000000 1 0.000000 0.000000 0.000000
3 1707736013 0.000000 1 0.000000 0.000000 0.000000
4 1707736013 3.000000 1 3.000000 3.000000 3.000000
1 1707736014 7.000000 1 7.000000 7.000000 7.000000
2 1707736014 0.000000 1 0.000000 0.000000 0.000000
3 1707736014 0.000000 1 0.000000 0.000000 0.000000
4 1707736014 3.000000 1 3.000000 3.000000 3.000000
1 1707736015 7.000000 1 7.000000 7.000000 7.000000
2 1707736015 0.000000 1 0.000000 0.000000 0.000000
3 1707736015 0.000000 1 0.000000 0.000000 0.000000
4 1707736015 3.000000 1 3.000000 3.000000 3.000000
1 1707736016 7.000000 1 7.000000 7.000000 7.000000
2 1707736016 0.000000 1 0.000000 0.000000 0.000000
3 1707736016 0.000000 1 0.000000 0.000000 0.000000
4 1707736016 3.000000 1 3.000000 3.000000 3.000000
1 1707736017 7.000000 1 7.000000 7.000000 7.000000
2 1707736017 0.000000 1 0.000000 0.000000 0.000000
3 1707736017 0.000000 1 0.000000 0.000000 0.000000
4 1707736017 3.000000 1 3.000000 3.000000 3.000000
1 1707736018 7.000000 1 7.000000 7.000000 7.000000
2 1707736018 0.000000 1 0.000000 0.000000 0.000000
3 1707736018 0.000000 1 0.000000 0.000000 0.000000
4 1707736018 3.000000 1 3.000000 3.000000 3.000000
1 1707736019 7.000000 1 7.000000 7.000000 7.000000
2 1707736019 0.000000 1 0.000000 0.000000 0.000000
3 1707736019 0.000000 1 0.000000 0.000000 0.000000
4 1707736019 3.000000 1 3.000000 3.000000 3.000000
1 1707736020 7.000000 1 7.000000 7.000000 7.000000
2 1707736020 0.000000 1 0.000000 0.000000 0.000000
3 1707736020 0.000000 1 0.000000 0.000000 0.000000
4 1707736020 3.000000 1 3.000000 3.000000 3.000000
1 1707736021 7.000000 1 7.000000 7.000000 7.000000
2 1707736021 0.000000 1 0.000000 0.000000 0.000000
3 1707736021 0.000000 1 0.000000 0.000000 0.000000
4 1707736021 3.000000 1 3.000000 3.000000 3.000000
1 1707736022 7.000000 1 7.000000 7.000000 7.000000
2 1707736022 0.000000 1 0.000000 0.000000 0.000000
3 1707736022 0.000000 1 0.000000 0.000000 0.000000
4 1707736022 3.000000 1 3.000000 3.000000 3.000000
1 1707736023 7.000000 1 7.000000 7.000000 7.000000
2 1707736023 0.000000 1 0.000000 0.000000 0.000000
3 1707736023 0.000000 1 0.000000 0.000000 0.000000
4 1707736023 3.000000 1 3.000000 3.000000 3.000000
1 1707736024 7.000000 1 7.000000 7.000000 7.000000
2 1707736024 0.000000 1 0.000000 0.000000 0.000000
3 1707736024 0.000000 1 0.000000 0.000000 0.000000
4 1707736024 3.000000 1 3.000000 3.000000 3.000000
1 1707736025 7.000000 1 7.000000 7.000000 7.000000
2 1707736025 0.000000 1 0.000000 0.000000 0.000000
3 1707736025 0.000000 1 0.000000 0.000000 0.000000
4 1707736025 3.000000 1 3.000000 3.000000 3.000000
1 1707736026 7.000000 1 7.000000 7.000000 7.000000
2 1707736026 0.000000 1 0.000000 0.000000 0.000000
3 1707736026 0.000000 1 0.000000 0.000000 0.000000
4 1707736026 3.000000 1 3.000000 3.000000 3.000000
1 1707736027 7.000000 1 7.000000 7.000000 7.000000
2 1707736027 0.000000 1 0.000000 0.000000 0.000000
3 1707736027 0.000000 1 0.000000 0.000000 0.000000
4 1707736027 3.000000 1 3.000000 3.000000 3.000000
1 1707736028 7.000000 1 7.000000 7.000000 7.000000
2 1707736028 0.000000 1 0.000000 0.000000 0.000000
3 1707736028 0.000000 1 0.000000 0.000000 0.000000
4 1707736028 3.000000 1 3.000000 3.000000 3.000000
1 1707736029 7.000000 1 7.000000 7.000000 7.000000
2 1707736029 0.000000 1 0.000000 0.000000 0.000000
3 1707736029 0.000000 1 0.000000 0.000000 0.000000
4 1707736029 3.000000 1 3.000000 3.000000 3.000000
1 1707736030 7.000000 1 7.000000 7.000000 7.000000
2 1707736030 0.000000 1 0.000000 0.000000 0.000000
3 1707736030 0.000000 1 0.000000 0.000000 0.000000
4 1707736030 3.000000 1 3.000000 3.000000 3.000000
1 1707736032 7.000000 1 7.000000 7.000000 7.000000
2 1707736032 0.000000 1 0.000000 0.000000 0.000000
3 1707736032 0.000000 1 0.000000 0.000000 0.000000
4 1707736032 3.000000 1 3.000000 3.000000 3.000000
1 1707736033 7.000000 1 7.000000 7.000000 7.000000
2 1707736033 0.000000 1 0.000000 0.000000 0.000000
3 1707736033 0.000000 1 0.000000 0.000000 0.000000
4 1707736033 3.000000 1 3.000000 3.000000 3.000000
1 1707736034 7.000000 1 7.000000 7.000000 7.000000
2 1707736034 0.000000 1 0.000000 0.000000 0.000000
3 1707736034 0.000000 1 0.000000 0.000000 0.000000
4 1707736034 3.000000 1 3.000000 3.000000 3.000000
1 1707736035 7.000000 1 7.000000 7.000000 7.000000
2 1707736035 0.000000 1 0.000000 0.000000 0.000000
3 1707736035 0.000000 1 0.000000 0.000000 0.000000
4 1707736035 3.000000 1 3.000000 3.000000 3.000000
1 1707736036 7.000000 1 7.000000 7.000000 7.000000
2 1707736036 0.000000 1 0.000000 0.000000 0.000000
3 1707736036 0.000000 1 0.000000 0.000000 0.000000
4 1707736036 3.000000 1 3.000000 3.000000 3.000000
1 1707736037 7.000000 1 7.000000 7.000000 7.000000
2 1707736037 0.000000 1 0.000000 0.000000 0.000000
3 1707736037 0.000000 1 0.000000 0.000000 0.000000
4 1707736037 3.000000 1 3.000000 3.000000 3.000000
1 1707736038 7.000000 1 7.000000 7.000000 7.000000
2 1707736038 0.000000 1 0.000000 0.000000 0.000000
3 1707736038 0.000000 1 0.000000 0.000000 0.000000
4 1707736038 3.000000 1 3.000000 3.000000 3.000000
1 1707736039 7.000000 1 7.000000 7.000000 7.000000
2 1707736039 0.000000 1 0.000000 0.000000 0.000000
3 1707736039 0.000000 1 0.000000 0.000000 0.000000
4 1707736039 3.000000 1 3.000000 3.000000 3.000000
1 1707736040 7.000000 1 7.000000 7.000000 7.000000
2 1707736040 0.000000 1 0.000000 0.000000 0.000000
3 1707736040 0.000000 1 0.000000 0.000000 0.000000
4 1707736040 3.000000 1 3.000000 3.000000 3.000000
1 1707736041 7.000000 1 7.000000 7.000000 7.000000
2 1707736041 0.000000 1 0.000000 0.000000 0.000000
3 1707736041 0.000000 1 0.000000 0.000000 0.000000
4 1707736041 3.000000 1 3.000000 3.000000 3.000000
1 1707736042 7.000000 1 7.000000 7.000000 7.000000
2 1707736042 0.000000 1 0.000000 0.000000 0.000000
3 1707736042 0.000000 1 0.000000 0.000000 0.000000
4 1707736042 3.000000 1 3.000000 3.000000 3.000000
1 1707736043 7.000000 1 7.000000 7.000000 7.000000
2 1707736043 0.000000 1 0.000000 0.000000 0.000000
3 1707736043 0.000000 1 0.000000 0.000000 0.000000
4 1707736043 3.000000 1 3.000000 3.000000 3.000000
1 1707736044 7.000000 1 7.000000 7.000000 7.000000
2 1707736044 0.000000 1 0.000000 0.000000 0.000000
3 1707736044 0.000000 1 0.000000 0.000000 0.000000
4 1707736044 3.000000 1 3.000000 3.000000 3.000000
1 1707736045 7.000000 1 7.000000 7.000000 7.000000
2 1707736045 0.000000 1 0.000000 0.000000 0.000000
3 1707736045 0.000000 1 0.000000 0.000000 0.000000
4 1707736045 3.000000 1 3.000000 3.000000 3.000000
1 1707736046 7.000000 1 7.000000 7.000000 7.000000
2 1707736046 0.000000 1 0.000000 0.000000 0.000000
3 1707736046 0.000000 1 0.000000 0.000000 0.000000
4 1707736046 3.000000 1 3.000000 3.000000 3.000000
1 1707736047 7.000000 1 7.000000 7.000000 7.000000
2 1707736047 0.000000 1 0.000000 0.000000 0.000000
3 1707736047 0.000000 1 0.000000 0.000000 0.000000
4 1707736047 3.000000 1 3.000000 3.000000 3.000000
1 1707736048 7.000000 1 7.000000 7.000000 7.000000
2 1707736048 0.000000 1 0.000000 0.000000 0.000000
3 1707736048 0.000000 1 0.000000 0.000000 0.000000
4 1707736048 3.000000 1 3.000000 3.000000 3.000000
1 1707736049 7.000000 1 7.000000 7.000000 7.000000
2 1707736049 0.000000 1 0.000000 0.000000 0.000000
3 1707736049 0.000000 1 0.000000 0.000000 0.000000
4 1707736049 3.000000 1 3.000000 3.000000 3.000000
1 1707736050 7.000000 1 7.000000 7.000000 7.000000
2 1707736050 0.000000 1 0.000000 0.000000 0.000000
3 1707736050 0.000000 1 0.000000 0.000000 0.000000
4 1707736050 3.000000 1 3.000000 3.000000 3.000000
1 1707736051 7.000000 1 7.000000 7.000000 7.000000
2 1707736051 0.000000 1 0.000000 0.000000 0.000000
3 1707736051 0.000000 1 0.000000 0.000000 0.000000
4 1707736051 3.000000 1 3.000000 3.000000 3.000000
1 1707736052 7.000000 1 7.000000 7.000000 7.000000
2 1707736052 0.000000 1 0.000000 0.000000 0.000000
3 1707736052 0.000000 1 0.000000 0.000000 0.000000
4 1707736052 3.000000 1 3.000000 3.000000 3.000000
1 1707736053 7.000000 1 7.000000 7.000000 7.000000
2 1707736053 0.000000 1 0.000000 0.000000 0.000000
3 1707736053 0.000000 1 0.000000 0.000000 0.000000
4 1707736053 3.000000 1 3.000000 3.000000 3.000000
1 1707736054 7.000000 1 7.000000 7.000000 7.000000
2 1707736054 0.000000 1 0.000000 0.000000 0.000000
3 1707736054 0.000000 1 0.000000 0.000000 0.000000
4 1707736054 3.000000 1 3.000000 3.000000 3.000000
1 1707736055 7.000000 1 7.000000 7.000000 7.000000
2 1707736055 0.000000 1 0.000000 0.000000 0.000000
3 1707736055 0.000000 1 0.000000 0.000000 0.000000
4 1707736055 3.000000 1 3.000000 3.000000 3.000000
1 1707736056 7.000000 1 7.000000 7.000000 7.000000
2 1707736056 0.000000 1 0.000000 0.000000 0.000000
3 1707736056 0.000000 1 0.000000 0.000000 0.000000
4 1707736056 3.000000 1 3.000000 3.000000 3.000000
1 1707736057 7.000000 1 7.000000 7.000000 7.000000
2 1707736057 0.000000 1 0.000000 0.000000 0.000000
3 1707736057 0.000000 1 0.000000 0.000000 0.000000
4 1707736057 3.000000 1 3.000000 3.000000 3.000000
1 1707736058 7.000000 1 7.000000 7.000000 7.000000
2 1707736058 0.000000 1 0.000000 0.000000 0.000000
3 1707736058 0.000000 1 0.000000 0.000000 0.000000
4 1707736058 3.000000 1 3.000000 3.000000 3.000000
1 1707736059 7.000000 1 7.000000 7.000000 7.000000
2 1707736059 0.000000 1 0.000000 0.000000 0.000000
3 1707736059 0.000000 1 0.000000 0.000000 0.000000
4 1707736059 3.000000 1 3.000000 3.000000 3.000000
1 1707736060 7.000000 1 7.000000 7.000000 7.000000
2 1707736060 0.000000 1 0.000000 0.000000 0.000000
3 1707736060 0.000000 1 0.000000 0.000000 0.000000
4 1707736060 3.000000 1 3.000000 3.000000 3.000000
1 1707736061 7.000000 1 7.000000 7.000000 7.000000
2 1707736061 0.000000 1 0.000000 0.000000 0.000000
3 1707736061 0.000000 1 0.000000 0.000000 0.000000
4 1707736061 3.000000 1 3.000000 3.000000 3.000000
1 1707736062 7.000000 1 7.000000 7.000000 7.000000
2 1707736062 0.000000 1 0.000000 0.000000 0.000000
3 1707736062 0.000000 1 0.000000 0.000000 0.000000
4 1707736062 3.000000 1 3.000000 3.000000 3.000000
1 1707736063 7.000000 1 7.000000 7.000000 7.000000
2 1707736063 0.000000 1 0.000000 0.000000 0.000000
3 1707736063 0.000000 1 0.000000 0.000000 0.000000
4 1707736063 3.000000 1 3.000000 3.000000 3.000000
1 1707736064 7.000000 1 7.000000 7.000000 7.000000
2 1707736064 0.000000 1 0.000000 0.000000 0.000000
3 1707736064 0.000000 1 0.000000 0.000000 0.000000
4 1707736064 3.000000 1 3.000000 3.000000 3.000000
1 1707736065 7.000000 1 7.000000 7.000000 7.000000
2 1707736065 0.000000 1 0.000000 0.000000 0.000000
3 1707736065 0.000000 1 0.000000 0.000000 0.000000
4 1707736065 3.000000 1 3.000000 3.000000 3.000000
1 1707736066 7.000000 1 7.000000 7.000000 7.000000
2 1707736066 0.000000 1 0.000000 0.000000 0.000000
3 1707736066 0.000000 1 0.000000 0.000000 0.000000
4 1707736066 3.000000 1 3.000000 3.000000 3.000000
1 1707736067 7.000000 1 7.000000 7.000000 7.000000
2 1707736067 0.000000 1 0.000000 0.000000 0.000000
3 1707736067 0.000000 1 0.000000 0.000000 0.000000
4 1707736067 3.000000 1 3.000000 3.000000 3.000000
1 1707736068 7.000000 1 7.000000 7.000000 7.000000
2 1707736068 0.000000 1 0.000000 0.000000 0.000000
3 1707736068 0.000000 1 0.000000 0.000000 0.000000
4 1707736068 3.000000 1 3.000000 3.000000 3.000000
1 1707736069 7.000000 1 7.000000 7.000000 7.000000
2 1707736069 0.000000 1 0.000000 0.000000 0.000000
3 1707736069 0.000000 1 0.000000 0.000000 0.000000
4 1707736069 3.000000 1 3.000000 3.000000 3.000000
1 1707736070 7.000000 1 7.000000 7.000000 7.000000
2 1707736070 0.000000 1 0.000000 0.000000 0.000000
3 1707736070 0.000000 1 0.000000 0.000000 0.000000
4 1707736070 3.000000 1 3.000000 3.000000 3.000000
1 1707736071 7.000000 1 7.000000 7.000000 7.000000
2 1707736071 0.000000 1 0.000000 0.000000 0.000000
3 1707736071 0.000000 1 0.000000 0.000000 0.000000
4 1707736071 3.000000 1 3.000000 3.000000 3.000000
1 1707736072 7.000000 1 7.000000 7.000000 7.000000
2 1707736072 0.000000 1 0.000000 0.000000 0.000000
3 1707736072 0.000000 1 0.000000 0.000000 0.000000
4 1707736072 3.000000 1 3.000000 3.000000 3.000000
1 1707736073 7.000000 1 7.000000 7.000000 7.000000
2 1707736073 0.000000 1 0.000000 0.000000 0.000000
3 1707736073 0.000000 1 0.000000 0.000000 0.000000
4 1707736073 3.000000 1 3.000000 3.000000 3.000000
1 1707736074 7.000000 1 7.000000 7.000000 7.000000
2 1707736074 0.000000 1 0.000000 0.000000 0.000000
3 1707736074 0.000000 1 0.000000 0.000000 0.000000
4 1707736074 3.000000 1 3.000000 3.000000 3.000000
1 1707736075 7.000000 1 7.000000 7.000000 7.000000
2 1707736075 0.000000 1 0.000000 0.000000 0.000000
3 1707736075 0.000000 1 0.000000 0.000000 0.000000
4 1707736075 3.000000 1 3.000000 3.000000 3.000000
1 1707736076 7.000000 1 7.000000 7.000000 7.000000
2 1707736076 0.000000 1 0.000000 0.000000 0.000000
3 1707736076 0.000000 1 0.000000 0.000000 0.000000
4 1707736076 3.000000 1 3.000000 3.000000 3.000000
1 1707736077 7.000000 1 7.000000 7.000000 7.000000
2 1707736077 0.000000 1 0.000000 0.000000 0.000000
3 1707736077 0.000000 1 0.000000 0.000000 0.000000
4 1707736077 3.000000 1 3.000000 3.000000 3.000000
1 1707736078 7.000000 1 7.000000 7.000000 7.000000
2 1707736078 0.000000 1 0.000000 0.000000 0.000000
3 1707736078 0.000000 1 0.000000 0.000000 0.000000
4 1707736078 3.000000 1 3.000000 3.000000 3.000000
1 1707736079 7.000000 1 7.000000 7.000000 7.000000
2 1707736079 0.000000 1 0.000000 0.000000 0.000000
3 1707736079 0.000000 1 0.000000 0.000000 0.000000
4 1707736079 3.000000 1 3.000000 3.000000 3.000000
1 1707736080 7.000000 1 7.000000 7.000000 7.000000
2 1707736080 0.000000 1 0.000000 0.000000 0.000000
3 1707736080 0.000000 1 0.000000 0.000000 0.000000
4 1707736080 3.000000 1 3.000000 3.000000 3.000000
1 1707736081 7.000000 1 7.000000 7.000000 7.000000
2 1707736081 0.000000 1 0.000000 0.000000 0.000000
3 1707736081 0.000000 1 0.000000 0.000000 0.000000
4 1707736081 3.000000 1 3.000000 3.000000 3.000000
1 1707736082 7.000000 1 7.000000 7.000000 7.000000
2 1707736082 0.000000 1 0.000000 0.000000 0.000000
3 1707736082 0.000000 1 0.000000 0.000000 0.000000
4 1707736082 3.000000 1 3.000000 3.000000 3.000000
1 1707736083 7.000000 1 7.000000 7.000000 7.000000
2 1707736083 0.000000 1 0.000000 0.000000 0.000000
3 1707736083 0.000000 1 0.000000 0.000000 0.000000
4 1707736083 3.000000 1 3.000000 3.000000 3.000000
1 1707736084 7.000000 1 7.000000 7.000000 7.000000
2 1707736084 0.000000 1 0.000000 0.000000 0.000000
3 1707736084 0.000000 1 0.000000 0.000000 0.000000
4 1707736084 3.000000 1 3.000000 3.000000 3.000000
1 1707736085 7.000000 1 7.000000 7.000000 7.000000
2 1707736085 0.000000 1 0.000000 0.000000 0.000000
3 1707736085 0.000000 1 0.000000 0.000000 0.000000
4 1707736085 3.000000 1 3.000000 3.000000 3.000000
1 1707736086 7.000000 1 7.000000 7.000000 7.000000
2 1707736086 0.000000 1 0.000000 0.000000 0.000000
3 1707736086 0.000000 1 0.000000 0.000000 0.000000
4 1707736086 3.000000 1 3.000000 3.000000 3.000000
1 1707736087 7.000000 1 7.000000 7.000000 7.000000
2 1707736087 0.000000 1 0.000000 0.000000 0.000000
3 1707736087 0.000000 1 0.000000 0.000000 0.000000
4 1707736087 3.000000 1 3.000000 3.000000 3.000000
1 1707736088 7.000000 1 7.000000 7.000000 7.000000
2 1707736088 0.000000 1 0.000000 0.000000 0.000000
3 1707736088 0.000000 1 0.000000 0.000000 0.000000
4 1707736088 3.000000 1 3.000000 3.000000 3.000000
1 1707736089 7.000000 1 7.000000 7.000000 7.000000
2 1707736089 0.000000 1 0.000000 0.000000 0.000000
3 1707736089 0.000000 1 0.000000 0.000000 0.000000
4 1707736089 3.000000 1 3.000000 3.000000 3.000000
1 1707736090 7.000000 1 7.000000 7.000000 7.000000
2 1707736090 0.000000 1 0.000000 0.000000 0.000000
3 1707736090 0.000000 1 0.000000 0.000000 0.000000
4 1707736090 3.000000 1 3.000000 3.000000 3.000000
1 1707736091 7.000000 1 7.000000 7.000000 7.000000
2 1707736091 0.000000 1 0.000000 0.000000 0.000000
3 1707736091 0.000000 1 0.000000 0.000000 0.000000
4 1707736091 3.000000 1 3.000000 3.000000 3.000000
1 1707736092 7.000000 1 7.000000 7.000000 7.000000
2 1707736092 0.000000 1 0.000000 0.000000 0.000000
3 1707736092 0.000000 1 0.000000 0.000000 0.000000
4 1707736092 3.000000 1 3.000000 3.000000 3.000000
1 1707736093 7.000000 1 7.000000 7.000000 7.000000
2 1707736093 0.000000 1 0.000000 0.000000 0.000000
3 1707736093 0.000000 1 0.000000 0.000000 0.000000
4 1707736093 3.000000 1 3.000000 3.000000 3.000000
1 1707736094 7.000000 1 7.000000 7.000000 7.000000
2 1707736094 0.000000 1 0.000000 0.000000 0.000000
3 1707736094 0.000000 1 0.000000 0.000000 0.000000
4 1707736094 3.000000 1 3.000000 3.000000 3.000000
1 1707736096 7.000000 1 7.000000 7.000000 7.000000
2 1707736096 0.000000 1 0.000000 0.000000 0.000000
3 1707736096 0.000000 1 0.000000 0.000000 0.000000
4 1707736096 3.000000 1 3.000000 3.000000 3.000000
1 1707736097 7.000000 1 7.000000 7.000000 7.000000
2 1707736097 0.000000 1 0.000000 0.000000 0.000000
3 1707736097 0.000000 1 0.000000 0.000000 0.000000
4 1707736097 3.000000 1 3.000000 3.000000 3.000000
1 1707736098 7.000000 1 7.000000 7.000000 7.000000
2 1707736098 0.000000 1 0.000000 0.000000 0.000000
3 1707736098 0.000000 1 0.000000 0.000000 0.000000
4 1707736098 3.000000 1 3.000000 3.000000 3.000000
1 1707736099 7.000000 1 7.000000 7.000000 7.000000
2 1707736099 0.000000 1 0.000000 0.000000 0.000000
3 1707736099 0.000000 1 0.000000 0.000000 0.000000
4 1707736099 3.000000 1 3.000000 3.000000 3.000000
1 1707736100 7.000000 1 7.000000 7.000000 7.000000
2 1707736100 0.000000 1 0.000000 0.000000 0.000000
3 1707736100 0.000000 1 0.000000 0.000000 0.000000
4 1707736100 3.000000 1 3.000000 3.000000 3.000000
1 1707736101 7.000000 1 7.000000 7.000000 7.000000
2 1707736101 0.000000 1 0.000000 0.000000 0.000000
3 1707736101 0.000000 1 0.000000 0.000000 0.000000
4 1707736101 3.000000 1 3.000000 3.000000 3.000000
1 1707736102 7.000000 1 7.000000 7.000000 7.000000
2 1707736102 0.000000 1 0.000000 0.000000 0.000000
3 1707736102 0.000000 1 0.000000 0.000000 0.000000
4 1707736102 3.000000 1 3.000000 3.000000 3.000000
1 1707736103 7.000000 1 7.000000 7.000000 7.000000
2 1707736103 0.000000 1 0.000000 0.000000 0.000000
3 1707736103 0.000000 1 0.000000 0.000000 0.000000
4 1707736103 3.000000 1 3.000000 3.000000 3.000000
1 1707736104 7.000000 1 7.000000 7.000000 7.000000
2 1707736104 0.000000 1 0.000000 0.000000 0.000000
3 1707736104 0.000000 1 0.000000 0.000000 0.000000
4 1707736104 3.000000 1 3.000000 3.000000 3.000000
1 1707736105 7.000000 1 7.000000 7.000000 7.000000
2 1707736105 0.000000 1 0.000000 0.000000 0.000000
3 1707736105 0.000000 1 0.000000 0.000000 0.000000
4 1707736105 3.000000 1 3.000000 3.000000 3.000000
1 1707736106 7.000000 1 7.000000 7.000000 7.000000
2 1707736106 0.000000 1 0.000000 0.000000 0.000000
3 1707736106 0.000000 1 0.000000 0.000000 0.000000
4 1707736106 3.000000 1 3.000000 3.000000 3.000000
1 1707736107 7.000000 1 7.000000 7.000000 7.000000
2 1707736107 0.000000 1 0.000000 0.000000 0.000000
3 1707736107 0.000000 1 0.000000 0.000000 0.000000
4 1707736107 3.000000 1 3.000000 3.000000 3.000000
1 1707736108 7.000000 1 7.000000 7.000000 7.000000
2 1707736108 0.000000 1 0.000000 0.000000 0.000000
3 1707736108 0.000000 1 0.000000 0.000000 0.000000
4 1707736108 3.000000 1 3.000000 3.000000 3.000000
1 1707736109 7.000000 1 7.000000 7.000000 7.000000
2 1707736109 0.000000 1 0.000000 0.000000 0.000000
3 1707736109 0.000000 1 0.000000 0.000000 0.000000
4 1707736109 3.000000 1 3.000000 3.000000 3.000000
1 1707736110 7.000000 1 7.000000 7.000000 7.000000
2 1707736110 0.000000 1 0.000000 0.000000 0.000000
3 1707736110 0.000000 1 0.000000 0.000000 0.000000
4 1707736110 3.000000 1 3.000000 3.000000 3.000000
1 1707736111 7.000000 1 7.000000 7.000000 7.000000
2 1707736111 0.000000 1 0.000000 0.000000 0.000000
3 1707736111 0.000000 1 0.000000 0.000000 0.000000
4 1707736111 3.000000 1 3.000000 3.000000 3.000000
1 1707736112 7.000000 1 7.000000 7.000000 7.000000
2 1707736112 0.000000 1 0.000000 0.000000 0.000000
3 1707736112 0.000000 1 0.000000 0.000000 0.000000
4 1707736112 3.000000 1 3.000000 3.000000 3.000000
1 1707736113 7.000000 1 7.000000 7.000000 7.000000
2 1707736113 0.000000 1 0.000000 0.000000 0.000000
3 1707736113 0.000000 1 0.000000 0.000000 0.000000
4 1707736113 3.000000 1 3.000000 3.000000 3.000000
1 1707736114 7.000000 1 7.000000 7.000000 7.000000
2 1707736114 0.000000 1 0.000000 0.000000 0.000000
3 1707736114 0.000000 1 0.000000 0.000000 0.000000
4 1707736114 3.000000 1 3.000000 3.000000 3.000000
1 1707736115 7.000000 1 7.000000 7.000000 7.000000
2 1707736115 0.000000 1 0.000000 0.000000 0.000000
3 1707736115 0.000000 1 0.000000 0.000000 0.000000
4 1707736115 3.000000 1 3.000000 3.000000 3.000000
1 1707736116 7.000000 1 7.000000 7.000000 7.000000
2 1707736116 0.000000 1 0.000000 0.000000 0.000000
3 1707736116 0.000000 1 0.000000 0.000000 0.000000
4 1707736116 3.000000 1 3.000000 3.000000 3.000000
1 1707736117 7.000000 1 7.000000 7.000000 7.000000
2 1707736117 0.000000 1 0.000000 0.000000 0.000000
3 1707736117 0.000000 1 0.000000 0.000000 0.000000
4 1707736117 3.000000 1 3.000000 3.000000 3.000000
1 1707736118 7.000000 1 7.000000 7.000000 7.000000
2 1707736118 0.000000 1 0.000000 0.000000 0.000000
3 1707736118 0.000000 1 0.000000 0.000000 0.000000
4 1707736118 3.000000 1 3.000000 3.000000 3.000000
1 1707736119 7.000000 1 7.000000 7.000000 7.000000
2 1707736119 0.000000 1 0.000000 0.000000 0.000000
3 1707736119 0.000000 1 0.000000 0.000000 0.000000
4 1707736119 3.000000 1 3.000000 3.000000 3.000000
1 1707736120 7.000000 1 7.000000 7.000000 7.000000
2 1707736120 0.000000 1 0.000000 0.000000 0.000000
3 1707736120 0.000000 1 0.000000 0.000000 0.000000
4 1707736120 3.000000 1 3.000000 3.000000 3.000000
1 1707736121 7.000000 1 7.000000 7.000000 7.000000
2 1707736121 0.000000 1 0.000000 0.000000 0.000000
3 1707736121 0.000000 1 0.000000 0.000000 0.000000
4 1707736121 3.000000 1 3.000000 3.000000 3.000000
1 1707736122 7.000000 1 7.000000 7.000000 7.000000
2 1707736122 0.000000 1 0.000000 0.000000 0.000000
3 1707736122 0.000000 1 0.000000 0.000000 0.000000
4 1707736122 3.000000 1 3.000000 3.000000 3.000000
1 1707736123 7.000000 1 7.000000 7.000000 7.000000
2 1707736123 0.000000 1 0.000000 0.000000 0.000000
3 1707736123 0.000000 1 0.000000 0.000000 0.000000
4 1707736123 3.000000 1 3.000000 3.000000 3.000000
1 1707736124 7.000000 1 7.000000 7.000000 7.000000
2 1707736124 0.000000 1 0.000000 0.000000 0.000000
3 1707736124 0.000000 1 0.000000 0.000000 0.000000
4 1707736124 3.000000 1 3.000000 3.000000 3.000000
1 1707736125 7.000000 1 7.000000 7.000000 7.000000
2 1707736125 0.000000 1 0.000000 0.000000 0.000000
3 1707736125 0.000000 1 0.000000 0.000000 0.000000
4 1707736125 3.000000 1 3.000000 3.000000 3.000000
1 1707736126 7.000000 1 7.000000 7.000000 7.000000
2 1707736126 0.000000 1 0.000000 0.000000 0.000000
3 1707736126 0.000000 1 0.000000 0.000000 0.000000
4 1707736126 3.000000 1 3.000000 3.000000 3.000000
1 1707736127 7.000000 1 7.000000 7.000000 7.000000
2 1707736127 0.000000 1 0.000000 0.000000 0.000000
3 1707736127 0.000000 1 0.000000 0.000000 0.000000
4 1707736127 3.000000 1 3.000000 3.000000 3.000000
1 1707736128 7.000000 1 7.000000 7.000000 7.000000
2 1707736128 0.000000 1 0.000000 0.000000 0.000000
3 1707736128 0.000000 1 0.000000 0.000000 0.000000
4 1707736128 3.000000 1 3.000000 3.000000 3.000000
1 1707736129 7.000000 1 7.000000 7.000000 7.000000
2 1707736129 0.000000 1 0.000000 0.000000 0.000000
3 1707736129 0.000000 1 0.000000 0.000000 0.000000
4 1707736129 3.000000 1 3.000000 3.000000 3.000000
1 1707736130 7.000000 1 7.000000 7.000000 7.000000
2 1707736130 0.000000 1 0.000000 0.000000 0.000000
3 1707736130 0.000000 1 0.000000 0.000000 0.000000
4 1707736130 3.000000 1 3.000000 3.000000 3.000000
1 1707736131 7.000000 1 7.000000 7.000000 7.000000
2 1707736131 0.000000 1 0.000000 0.000000 0.000000
3 1707736131 0.000000 1 0.000000 0.000000 0.000000
4 1707736131 3.000000 1 3.000000 3.000000 3.000000
1 1707736132 7.000000 1 7.000000 7.000000 7.000000
2 1707736132 0.000000 1 0.000000 0.000000 0.000000
3 1707736132 0.000000 1 0.000000 0.000000 0.000000
4 1707736132 3.000000 1 3.000000 3.000000 3.000000
1 1707736133 6.000000 1 6.000000 6.000000 6.000000
2 1707736133 0.000000 1 0.000000 0.000000 0.000000
3 1707736133 1.000000 1 1.000000 1.000000 1.000000
4 1707736133 3.000000 1 3.000000 3.000000 3.000000
1 1707736134 6.000000 1 6.000000 6.000000 6.000000
2 1707736134 0.000000 1 0.000000 0.000000 0.000000
3 1707736134 1.000000 1 1.000000 1.000000 1.000000
4 1707736134 3.000000 1 3.000000 3.000000 3.000000
1 1707736135 6.000000 1 6.000000 6.000000 6.000000
2 1707736135 0.000000 1 0.000000 0.000000 0.000000
3 1707736135 1.000000 1 1.000000 1.000000 1.000000
4 1707736135 3.000000 1 3.000000 3.000000 3.000000
1 1707736136 6.000000 1 6.000000 6.000000 6.000000
2 1707736136 0.000000 1 0.000000 0.000000 0.000000
3 1707736136 1.000000 1 1.000000 1.000000 1.000000
4 1707736136 3.000000 1 3.000000 3.000000 3.000000
1 1707736137 6.000000 1 6.000000 6.000000 6.000000
2 1707736137 0.000000 1 0.000000 0.000000 0.000000
3 1707736137 1.000000 1 1.000000 1.000000 1.000000
4 1707736137 3.000000 1 3.000000 3.000000 3.000000
1 1707736138 6.000000 1 6.000000 6.000000 6.000000
2 1707736138 0.000000 1 0.000000 0.000000 0.000000
3 1707736138 1.000000 1 1.000000 1.000000 1.000000
4 1707736138 3.000000 1 3.000000 3.000000 3.000000
1 1707736139 6.000000 1 6.000000 6.000000 6.000000
2 1707736139 0.000000 1 0.000000 0.000000 0.000000
3 1707736139 1.000000 1 1.000000 1.000000 1.000000
4 1707736139 3.000000 1 3.000000 3.000000 3.000000
1 1707736140 6.000000 1 6.000000 6.000000 6.000000
2 1707736140 0.000000 1 0.000000 0.000000 0.000000
3 1707736140 1.000000 1 1.000000 1.000000 1.000000
4 1707736140 3.000000 1 3.000000 3.000000 3.000000
1 1707736141 6.000000 1 6.000000 6.000000 6.000000
2 1707736141 0.000000 1 0.000000 0.000000 0.000000
3 1707736141 1.000000 1 1.000000 1.000000 1.000000
4 1707736141 3.000000 1 3.000000 3.000000 3.000000
1 1707736142 5.000000 1 5.000000 5.000000 5.000000
2 1707736142 0.000000 1 0.000000 0.000000 0.000000
3 1707736142 2.000000 1 2.000000 2.000000 2.000000
4 1707736142 3.000000 1 3.000000 3.000000 3.000000
1 1707736143 5.000000 1 5.000000 5.000000 5.000000
2 1707736143 0.000000 1 0.000000 0.000000 0.000000
3 1707736143 2.000000 1 2.000000 2.000000 2.000000
4 1707736143 3.000000 1 3.000000 3.000000 3.000000
1 1707736144 5.000000 1 5.000000 5.000000 5.000000
2 1707736144 0.000000 1 0.000000 0.000000 0.000000
3 1707736144 2.000000 1 2.000000 2.000000 2.000000
4 1707736144 3.000000 1 3.000000 3.000000 3.000000
1 1707736145 5.000000 1 5.000000 5.000000 5.000000
2 1707736145 0.000000 1 0.000000 0.000000 0.000000
3 1707736145 2.000000 1 2.000000 2.000000 2.000000
4 1707736145 3.000000 1 3.000000 3.000000 3.000000
1 1707736146 5.000000 1 5.000000 5.000000 5.000000
2 1707736146 0.000000 1 0.000000 0.000000 0.000000
3 1707736146 2.000000 1 2.000000 2.000000 2.000000
4 1707736146 3.000000 1 3.000000 3.000000 3.000000
1 1707736147 5.000000 1 5.000000 5.000000 5.000000
2 1707736147 0.000000 1 0.000000 0.000000 0.000000
3 1707736147 2.000000 1 2.000000 2.000000 2.000000
4 1707736147 3.000000 1 3.000000 3.000000 3.000000
1 1707736148 5.000000 1 5.000000 5.000000 5.000000
2 1707736148 0.000000 1 0.000000 0.000000 0.000000
3 1707736148 2.000000 1 2.000000 2.000000 2.000000
4 1707736148 3.000000 1 3.000000 3.000000 3.000000
1 1707736149 5.000000 1 5.000000 5.000000 5.000000
2 1707736149 0.000000 1 0.000000 0.000000 0.000000
3 1707736149 2.000000 1 2.000000 2.000000 2.000000
4 1707736149 3.000000 1 3.000000 3.000000 3.000000
1 1707736150 5.000000 1 5.000000 5.000000 5.000000
2 1707736150 0.000000 1 0.000000 0.000000 0.000000
3 1707736150 2.000000 1 2.000000 2.000000 2.000000
4 1707736150 3.000000 1 3.000000 3.000000 3.000000
1 1707736151 5.000000 1 5.000000 5.000000 5.000000
2 1707736151 0.000000 1 0.000000 0.000000 0.000000
3 1707736151 2.000000 1 2.000000 2.000000 2.000000
4 1707736151 3.000000 1 3.000000 3.000000 3.000000
1 1707736152 4.000000 1 4.000000 4.000000 4.000000
2 1707736152 0.000000 1 0.000000 0.000000 0.000000
3 1707736152 3.000000 1 3.000000 3.000000 3.000000
4 1707736152 3.000000 1 3.000000 3.000000 3.000000
1 1707736153 4.000000 1 4.000000 4.000000 4.000000
2 1707736153 0.000000 1 0.000000 0.000000 0.000000
3 1707736153 3.000000 1 3.000000 3.000000 3.000000
4 1707736153 3.000000 1 3.000000 3.000000 3.000000
1 1707736154 4.000000 1 4.000000 4.000000 4.000000
2 1707736154 0.000000 1 0.000000 0.000000 0.000000
3 1707736154 3.000000 1 3.000000 3.000000 3.000000
4 1707736154 3.000000 1 3.000000 3.000000 3.000000
1 1707736155 4.000000 1 4.000000 4.000000 4.000000
2 1707736155 0.000000 1 0.000000 0.000000 0.000000
3 1707736155 3.000000 1 3.000000 3.000000 3.000000
4 1707736155 3.000000 1 3.000000 3.000000 3.000000
1 1707736156 4.000000 1 4.000000 4.000000 4.000000
2 1707736156 0.000000 1 0.000000 0.000000 0.000000
3 1707736156 3.000000 1 3.000000 3.000000 3.000000
4 1707736156 3.000000 1 3.000000 3.000000 3.000000
1 1707736157 4.000000 1 4.000000 4.000000 4.000000
2 1707736157 0.000000 1 0.000000 0.000000 0.000000
3 1707736157 3.000000 1 3.000000 3.000000 3.000000
4 1707736157 3.000000 1 3.000000 3.000000 3.000000
1 1707736158 4.000000 1 4.000000 4.000000 4.000000
2 1707736158 0.000000 1 0.000000 0.000000 0.000000
3 1707736158 3.000000 1 3.000000 3.000000 3.000000
4 1707736158 3.000000 1 3.000000 3.000000 3.000000
1 1707736160 4.000000 1 4.000000 4.000000 4.000000
2 1707736160 0.000000 1 0.000000 0.000000 0.000000
3 1707736160 3.000000 1 3.000000 3.000000 3.000000
4 1707736160 3.000000 1 3.000000 3.000000 3.000000
1 1707736161 4.000000 1 4.000000 4.000000 4.000000
2 1707736161 0.000000 1 0.000000 0.000000 0.000000
3 1707736161 3.000000 1 3.000000 3.000000 3.000000
4 1707736161 3.000000 1 3.000000 3.000000 3.000000
1 1707736162 4.000000 1 4.000000 4.000000 4.000000
2 1707736162 0.000000 1 0.000000 0.000000 0.000000
3 1707736162 3.000000 1 3.000000 3.000000 3.000000
4 1707736162 3.000000 1 3.000000 3.000000 3.000000
1 1707736163 4.000000 1 4.000000 4.000000 4.000000
2 1707736163 0.000000 1 0.000000 0.000000 0.000000
3 1707736163 3.000000 1 3.000000 3.000000 3.000000
4 1707736163 3.000000 1 3.000000 3.000000 3.000000
1 1707736164 3.000000 1 3.000000 3.000000 3.000000
2 1707736164 0.000000 1 0.000000 0.000000 0.000000
3 1707736164 4.000000 1 4.000000 4.000000 4.000000
4 1707736164 3.000000 1 3.000000 3.000000 3.000000
1 1707736165 3.000000 1 3.000000 3.000000 3.000000
2 1707736165 0.000000 1 0.000000 0.000000 0.000000
3 1707736165 4.000000 1 4.000000 4.000000 4.000000
4 1707736165 3.000000 1 3.000000 3.000000 3.000000
1 1707736166 3.000000 1 3.000000 3.000000 3.000000
2 1707736166 0.000000 1 0.000000 0.000000 0.000000
3 1707736166 4.000000 1 4.000000 4.000000 4.000000
4 1707736166 3.000000 1 3.000000 3.000000 3.000000
1 1707736167 3.000000 1 3.000000 3.000000 3.000000
2 1707736167 0.000000 1 0.000000 0.000000 0.000000
3 1707736167 4.000000 1 4.000000 4.000000 4.000000
4 1707736167 3.000000 1 3.000000 3.000000 3.000000
1 1707736168 3.000000 1 3.000000 3.000000 3.000000
2 1707736168 0.000000 1 0.000000 0.000000 0.000000
3 1707736168 4.000000 1 4.000000 4.000000 4.000000
4 1707736168 3.000000 1 3.000000 3.000000 3.000000
1 1707736169 3.000000 1 3.000000 3.000000 3.000000
2 1707736169 0.000000 1 0.000000 0.000000 0.000000
3 1707736169 4.000000 1 4.000000 4.000000 4.000000
4 1707736169 3.000000 1 3.000000 3.000000 3.000000
1 1707736170 3.000000 1 3.000000 3.000000 3.000000
2 1707736170 0.000000 1 0.000000 0.000000 0.000000
3 1707736170 4.000000 1 4.000000 4.000000 4.000000
4 1707736170 3.000000 1 3.000000 3.000000 3.000000
1 1707736171 3.000000 1 3.000000 3.000000 3.000000
2 1707736171 0.000000 1 0.000000 0.000000 0.000000
3 1707736171 4.000000 1 4.000000 4.000000 4.000000
4 1707736171 3.000000 1 3.000000 3.000000 3.000000
1 1707736172 3.000000 1 3.000000 3.000000 3.000000
2 1707736172 0.000000 1 0.000000 0.000000 0.000000
3 1707736172 4.000000 1 4.000000 4.000000 4.000000
4 1707736172 3.000000 1 3.000000 3.000000 3.000000
1 1707736173 3.000000 1 3.000000 3.000000 3.000000
2 1707736173 0.000000 1 0.000000 0.000000 0.000000
3 1707736173 4.000000 1 4.000000 4.000000 4.000000
4 1707736173 3.000000 1 3.000000 3.000000 3.000000
1 1707736174 2.000000 1 2.000000 2.000000 2.000000
2 1707736174 0.000000 1 0.000000 0.000000 0.000000
3 1707736174 5.000000 1 5.000000 5.000000 5.000000
4 1707736174 3.000000 1 3.000000 3.000000 3.000000
1 1707736175 2.000000 1 2.000000 2.000000 2.000000
2 1707736175 0.000000 1 0.000000 0.000000 0.000000
3 1707736175 5.000000 1 5.000000 5.000000 5.000000
4 1707736175 3.000000 1 3.000000 3.000000 3.000000
1 1707736176 2.000000 1 2.000000 2.000000 2.000000
2 1707736176 0.000000 1 0.000000 0.000000 0.000000
3 1707736176 5.000000 1 5.000000 5.000000 5.000000
4 1707736176 3.000000 1 3.000000 3.000000 3.000000
1 1707736177 2.000000 1 2.000000 2.000000 2.000000
2 1707736177 0.000000 1 0.000000 0.000000 0.000000
3 1707736177 5.000000 1 5.000000 5.000000 5.000000
4 1707736177 3.000000 1 3.000000 3.000000 3.000000
1 1707736178 2.000000 1 2.000000 2.000000 2.000000
2 1707736178 0.000000 1 0.000000 0.000000 0.000000
3 1707736178 5.000000 1 5.000000 5.000000 5.000000
4 1707736178 3.000000 1 3.000000 3.000000 3.000000
1 1707736179 2.000000 1 2.000000 2.000000 2.000000
2 1707736179 0.000000 1 0.000000 0.000000 0.000000
3 1707736179 5.000000 1 5.000000 5.000000 5.000000
4 1707736179 3.000000 1 3.000000 3.000000 3.000000
1 1707736180 2.000000 1 2.000000 2.000000 2.000000
2 1707736180 0.000000 1 0.000000 0.000000 0.000000
3 1707736180 5.000000 1 5.000000 5.000000 5.000000
4 1707736180 3.000000 1 3.000000 3.000000 3.000000
1 1707736181 2.000000 1 2.000000 2.000000 2.000000
2 1707736181 0.000000 1 0.000000 0.000000 0.000000
3 1707736181 5.000000 1 5.000000 5.000000 5.000000
4 1707736181 3.000000 1 3.000000 3.000000 3.000000
1 1707736182 2.000000 1 2.000000 2.000000 2.000000
2 1707736182 0.000000 1 0.000000 0.000000 0.000000
3 1707736182 5.000000 1 5.000000 5.000000 5.000000
4 1707736182 3.000000 1 3.000000 3.000000 3.000000
1 1707736183 2.000000 1 2.000000 2.000000 2.000000
2 1707736183 0.000000 1 0.000000 0.000000 0.000000
3 1707736183 5.000000 1 5.000000 5.000000 5.000000
4 1707736183 3.000000 1 3.000000 3.000000 3.000000
1 1707736184 1.000000 1 1.000000 1.000000 1.000000
2 1707736184 0.000000 1 0.000000 0.000000 0.000000
3 1707736184 6.000000 1 6.000000 6.000000 6.000000
4 1707736184 3.000000 1 3.000000 3.000000 3.000000
1 1707736185 1.000000 1 1.000000 1.000000 1.000000
2 1707736185 0.000000 1 0.000000 0.000000 0.000000
3 1707736185 6.000000 1 6.000000 6.000000 6.000000
4 1707736185 3.000000 1 3.000000 3.000000 3.000000
1 1707736186 1.000000 1 1.000000 1.000000 1.000000
2 1707736186 0.000000 1 0.000000 0.000000 0.000000
3 1707736186 6.000000 1 6.000000 6.000000 6.000000
4 1707736186 3.000000 1 3.000000 3.000000 3.000000
1 1707736187 1.000000 1 1.000000 1.000000 1.000000
2 1707736187 0.000000 1 0.000000 0.000000 0.000000
3 1707736187 6.000000 1 6.000000 6.000000 6.000000
4 1707736187 3.000000 1 3.000000 3.000000 3.000000
1 1707736188 1.000000 1 1.000000 1.000000 1.000000
2 1707736188 0.000000 1 0.000000 0.000000 0.000000
3 1707736188 6.000000 1 6.000000 6.000000 6.000000
4 1707736188 3.000000 1 3.000000 3.000000 3.000000
1 1707736189 1.000000 1 1.000000 1.000000 1.000000
2 1707736189 0.000000 1 0.000000 0.000000 0.000000
3 1707736189 6.000000 1 6.000000 6.000000 6.000000
4 1707736189 3.000000 1 3.000000 3.000000 3.000000
1 1707736190 1.000000 1 1.000000 1.000000 1.000000
2 1707736190 0.000000 1 0.000000 0.000000 0.000000
3 1707736190 6.000000 1 6.000000 6.000000 6.000000
4 1707736190 3.000000 1 3.000000 3.000000 3.000000
1 1707736191 1.000000 1 1.000000 1.000000 1.000000
2 1707736191 0.000000 1 0.000000 0.000000 0.000000
3 1707736191 6.000000 1 6.000000 6.000000 6.000000
4 1707736191 3.000000 1 3.000000 3.000000 3.000000
1 1707736192 1.000000 1 1.000000 1.000000 1.000000
2 1707736192 0.000000 1 0.000000 0.000000 0.000000
3 1707736192 6.000000 1 6.000000 6.000000 6.000000
4 1707736192 3.000000 1 3.000000 3.000000 3.000000
1 1707736193 1.000000 1 1.000000 1.000000 1.000000
2 1707736193 0.000000 1 0.000000 0.000000 0.000000
3 1707736193 6.000000 1 6.000000 6.000000 6.000000
4 1707736193 3.000000 1 3.000000 3.000000 3.000000
1 1707736194 1.000000 1 1.000000 1.000000 1.000000
2 1707736194 0.000000 1 0.000000 0.000000 0.000000
3 1707736194 6.000000 1 6.000000 6.000000 6.000000
4 1707736194 3.000000 1 3.000000 3.000000 3.000000
1 1707736195 1.000000 1 1.000000 1.000000 1.000000
2 1707736195 0.000000 1 0.000000 0.000000 0.000000
3 1707736195 6.000000 1 6.000000 6.000000 6.000000
4 1707736195 3.000000 1 3.000000 3.000000 3.000000
1 1707736196 1.000000 1 1.000000 1.000000 1.000000
2 1707736196 0.000000 1 0.000000 0.000000 0.000000
3 1707736196 6.000000 1 6.000000 6.000000 6.000000
4 1707736196 3.000000 1 3.000000 3.000000 3.000000
1 1707736197 1.000000 1 1.000000 1.000000 1.000000
2 1707736197 0.000000 1 0.000000 0.000000 0.000000
3 1707736197 6.000000 1 6.000000 6.000000 6.000000
4 1707736197 3.000000 1 3.000000 3.000000 3.000000
1 1707736198 1.000000 1 1.000000 1.000000 1.000000
2 1707736198 0.000000 1 0.000000 0.000000 0.000000
3 1707736198 6.000000 1 6.000000 6.000000 6.000000
4 1707736198 3.000000 1 3.000000 3.000000 3.000000
1 1707736199 1.000000 1 1.000000 1.000000 1.000000
2 1707736199 0.000000 1 0.000000 0.000000 0.000000
3 1707736199 6.000000 1 6.000000 6.000000 6.000000
4 1707736199 3.000000 1 3.000000 3.000000 3.000000
1 1707736200 1.000000 1 1.000000 1.000000 1.000000
2 1707736200 0.000000 1 0.000000 0.000000 0.000000
3 1707736200 6.000000 1 6.000000 6.000000 6.000000
4 1707736200 3.000000 1 3.000000 3.000000 3.000000
1 1707736201 1.000000 1 1.000000 1.000000 1.000000
2 1707736201 0.000000 1 0.000000 0.000000 0.000000
3 1707736201 6.000000 1 6.000000 6.000000 6.000000
4 1707736201 3.000000 1 3.000000 3.000000 3.000000
1 1707736202 1.000000 1 1.000000 1.000000 1.000000
2 1707736202 0.000000 1 0.000000 0.000000 0.000000
3 1707736202 6.000000 1 6.000000 6.000000 6.000000
4 1707736202 3.000000 1 3.000000 3.000000 3.000000
1 1707736203 1.000000 1 1.000000 1.000000 1.000000
2 1707736203 0.000000 1 0.000000 0.000000 0.000000
3 1707736203 6.000000 1 6.000000 6.000000 6.000000
4 1707736203 3.000000 1 3.000000 3.000000 3.000000
1 1707736204 1.000000 1 1.000000 1.000000 1.000000
2 1707736204 0.000000 1 0.000000 0.000000 0.000000
3 1707736204 6.000000 1 6.000000 6.000000 6.000000
4 1707736204 3.000000 1 3.000000 3.000000 3.000000
1 1707736205 1.000000 1 1.000000 1.000000 1.000000
2 1707736205 0.000000 1 0.000000 0.000000 0.000000
3 1707736205 6.000000 1 6.000000 6.000000 6.000000
4 1707736205 3.000000 1 3.000000 3.000000 3.000000
1 1707736206 1.000000 1 1.000000 1.000000 1.000000
2 1707736206 0.000000 1 0.000000 0.000000 0.000000
3 1707736206 6.000000 1 6.000000 6.000000 6.000000
4 1707736206 3.000000 1 3.000000 3.000000 3.000000
1 1707736207 1.000000 1 1.000000 1.000000 1.000000
2 1707736207 0.000000 1 0.000000 0.000000 0.000000
3 1707736207 6.000000 1 6.000000 6.000000 6.000000
4 1707736207 3.000000 1 3.000000 3.000000 3.000000
1 1707736208 1.000000 1 1.000000 1.000000 1.000000
2 1707736208 0.000000 1 0.000000 0.000000 0.000000
3 1707736208 6.000000 1 6.000000 6.000000 6.000000
4 1707736208 3.000000 1 3.000000 3.000000 3.000000
1 1707736209 1.000000 1 1.000000 1.000000 1.000000
2 1707736209 0.000000 1 0.000000 0.000000 0.000000
3 1707736209 6.000000 1 6.000000 6.000000 6.000000
4 1707736209 3.000000 1 3.000000 3.000000 3.000000
1 1707736210 1.000000 1 1.000000 1.000000 1.000000
2 1707736210 0.000000 1 0.000000 0.000000 0.000000
3 1707736210 6.000000 1 6.000000 6.000000 6.000000
4 1707736210 3.000000 1 3.000000 3.000000 3.000000
1 1707736211 1.000000 1 1.000000 1.000000 1.000000
2 1707736211 0.000000 1 0.000000 0.000000 0.000000
3 1707736211 6.000000 1 6.000000 6.000000 6.000000
4 1707736211 3.000000 1 3.000000 3.000000 3.000000
1 1707736212 1.000000 1 1.000000 1.000000 1.000000
2 1707736212 0.000000 1 0.000000 0.000000 0.000000
3 1707736212 6.000000 1 6.000000 6.000000 6.000000
4 1707736212 3.000000 1 3.000000 3.000000 3.000000
1 1707736213 1.000000 1 1.000000 1.000000 1.000000
2 1707736213 0.000000 1 0.000000 0.000000 0.000000
3 1707736213 6.000000 1 6.000000 6.000000 6.000000
4 1707736213 3.000000 1 3.000000 3.000000 3.000000
1 1707736214 1.000000 1 1.000000 1.000000 1.000000
2 1707736214 0.000000 1 0.000000 0.000000 0.000000
3 1707736214 6.000000 1 6.000000 6.000000 6.000000
4 1707736214 3.000000 1 3.000000 3.000000 3.000000
1 1707736215 1.000000 1 1.000000 1.000000 1.000000
2 1707736215 0.000000 1 0.000000 0.000000 0.000000
3 1707736215 6.000000 1 6.000000 6.000000 6.000000
4 1707736215 3.000000 1 3.000000 3.000000 3.000000
1 1707736216 1.000000 1 1.000000 1.000000 1.000000
2 1707736216 0.000000 1 0.000000 0.000000 0.000000
3 1707736216 6.000000 1 6.000000 6.000000 6.000000
4 1707736216 3.000000 1 3.000000 3.000000 3.000000
1 1707736217 1.000000 1 1.000000 1.000000 1.000000
2 1707736217 0.000000 1 0.000000 0.000000 0.000000
3 1707736217 6.000000 1 6.000000 6.000000 6.000000
4 1707736217 3.000000 1 3.000000 3.000000 3.000000
1 1707736218 1.000000 1 1.000000 1.000000 1.000000
2 1707736218 0.000000 1 0.000000 0.000000 0.000000
3 1707736218 6.000000 1 6.000000 6.000000 6.000000
4 1707736218 3.000000 1 3.000000 3.000000 3.000000
1 1707736219 1.000000 1 1.000000 1.000000 1.000000
2 1707736219 0.000000 1 0.000000 0.000000 0.000000
3 1707736219 6.000000 1 6.000000 6.000000 6.000000
4 1707736219 3.000000 1 3.000000 3.000000 3.000000
1 1707736220 1.000000 1 1.000000 1.000000 1.000000
2 1707736220 0.000000 1 0.000000 0.000000 0.000000
3 1707736220 6.000000 1 6.000000 6.000000 6.000000
4 1707736220 3.000000 1 3.000000 3.000000 3.000000
1 1707736221 1.000000 1 1.000000 1.000000 1.000000
2 1707736221 0.000000 1 0.000000 0.000000 0.000000
3 1707736221 6.000000 1 6.000000 6.000000 6.000000
4 1707736221 3.000000 1 3.000000 3.000000 3.000000
1 1707736222 1.000000 1 1.000000 1.000000 1.000000
2 1707736222 0.000000 1 0.000000 0.000000 0.000000
3 1707736222 6.000000 1 6.000000 6.000000 6.000000
4 1707736222 3.000000 1 3.000000 3.000000 3.000000
1 1707736223 0.000000 1 0.000000 0.000000 0.000000
2 1707736223 0.000000 1 0.000000 0.000000 0.000000
3 1707736223 7.000000 1 7.000000 7.000000 7.000000
4 1707736223 3.000000 1 3.000000 3.000000 3.000000
