1 1707735493 0.000000 1 0.000000 0.000000 0.000000
2 1707735493 0.000000 1 0.000000 0.000000 0.000000
3 1707735493 0.000000 1 0.000000 0.000000 0.000000
4 1707735493 0.000000 1 0.000000 0.000000 0.000000
1 1707735494 0.000000 1 0.000000 0.000000 0.000000
2 1707735494 0.000000 1 0.000000 0.000000 0.000000
3 1707735494 0.000000 1 0.000000 0.000000 0.000000
4 1707735494 0.000000 1 0.000000 0.000000 0.000000
1 1707735495 0.000000 1 0.000000 0.000000 0.000000
2 1707735495 0.000000 1 0.000000 0.000000 0.000000
3 1707735495 0.000000 1 0.000000 0.000000 0.000000
4 1707735495 0.000000 1 0.000000 0.000000 0.000000
1 1707735496 1.000000 1 1.000000 1.000000 1.000000
2 1707735496 0.000000 1 0.000000 0.000000 0.000000
3 1707735496 0.000000 1 0.000000 0.000000 0.000000
4 1707735496 0.000000 1 0.000000 0.000000 0.000000
1 1707735497 1.000000 1 1.000000 1.000000 1.000000
2 1707735497 0.000000 1 0.000000 0.000000 0.000000
3 1707735497 0.000000 1 0.000000 0.000000 0.000000
4 1707735497 0.000000 1 0.000000 0.000000 0.000000
1 1707735498 1.000000 1 1.000000 1.000000 1.000000
2 1707735498 0.000000 1 0.000000 0.000000 0.000000
3 1707735498 0.000000 1 0.000000 0.000000 0.000000
4 1707735498 0.000000 1 0.000000 0.000000 0.000000
1 1707735499 1.000000 1 1.000000 1.000000 1.000000
2 1707735499 0.000000 1 0.000000 0.000000 0.000000
3 1707735499 0.000000 1 0.000000 0.000000 0.000000
4 1707735499 0.000000 1 0.000000 0.000000 0.000000
1 1707735500 1.000000 1 1.000000 1.000000 1.000000
2 1707735500 0.000000 1 0.000000 0.000000 0.000000
3 1707735500 0.000000 1 0.000000 0.000000 0.000000
4 1707735500 0.000000 1 0.000000 0.000000 0.000000
1 1707735501 1.000000 1 1.000000 1.000000 1.000000
2 1707735501 0.000000 1 0.000000 0.000000 0.000000
3 1707735501 0.000000 1 0.000000 0.000000 0.000000
4 1707735501 0.000000 1 0.000000 0.000000 0.000000
1 1707735502 1.000000 1 1.000000 1.000000 1.000000
2 1707735502 0.000000 1 0.000000 0.000000 0.000000
3 1707735502 0.000000 1 0.000000 0.000000 0.000000
4 1707735502 0.000000 1 0.000000 0.000000 0.000000
1 1707735503 1.000000 1 1.000000 1.000000 1.000000
2 1707735503 0.000000 1 0.000000 0.000000 0.000000
3 1707735503 0.000000 1 0.000000 0.000000 0.000000
4 1707735503 0.000000 1 0.000000 0.000000 0.000000
1 1707735504 1.000000 1 1.000000 1.000000 1.000000
2 1707735504 0.000000 1 0.000000 0.000000 0.000000
3 1707735504 0.000000 1 0.000000 0.000000 0.000000
4 1707735504 0.000000 1 0.000000 0.000000 0.000000
1 1707735505 1.000000 1 1.000000 1.000000 1.000000
2 1707735505 0.000000 1 0.000000 0.000000 0.000000
3 1707735505 0.000000 1 0.000000 0.000000 0.000000
4 1707735505 0.000000 1 0.000000 0.000000 0.000000
1 1707735506 1.000000 1 1.000000 1.000000 1.000000
2 1707735506 0.000000 1 0.000000 0.000000 0.000000
3 1707735506 0.000000 1 0.000000 0.000000 0.000000
4 1707735506 0.000000 1 0.000000 0.000000 0.000000
1 1707735507 1.000000 1 1.000000 1.000000 1.000000
2 1707735507 0.000000 1 0.000000 0.000000 0.000000
3 1707735507 0.000000 1 0.000000 0.000000 0.000000
4 1707735507 0.000000 1 0.000000 0.000000 0.000000
1 1707735508 1.000000 1 1.000000 1.000000 1.000000
2 1707735508 0.000000 1 0.000000 0.000000 0.000000
3 1707735508 0.000000 1 0.000000 0.000000 0.000000
4 1707735508 0.000000 1 0.000000 0.000000 0.000000
1 1707735509 1.000000 1 1.000000 1.000000 1.000000
2 1707735509 0.000000 1 0.000000 0.000000 0.000000
3 1707735509 0.000000 1 0.000000 0.000000 0.000000
4 1707735509 0.000000 1 0.000000 0.000000 0.000000
1 1707735510 1.000000 1 1.000000 1.000000 1.000000
2 1707735510 0.000000 1 0.000000 0.000000 0.000000
3 1707735510 0.000000 1 0.000000 0.000000 0.000000
4 1707735510 0.000000 1 0.000000 0.000000 0.000000
1 1707735511 1.000000 1 1.000000 1.000000 1.000000
2 1707735511 0.000000 1 0.000000 0.000000 0.000000
3 1707735511 0.000000 1 0.000000 0.000000 0.000000
4 1707735511 0.000000 1 0.000000 0.000000 0.000000
1 1707735512 1.000000 1 1.000000 1.000000 1.000000
2 1707735512 0.000000 1 0.000000 0.000000 0.000000
3 1707735512 0.000000 1 0.000000 0.000000 0.000000
4 1707735512 0.000000 1 0.000000 0.000000 0.000000
1 1707735513 1.000000 1 1.000000 1.000000 1.000000
2 1707735513 0.000000 1 0.000000 0.000000 0.000000
3 1707735513 0.000000 1 0.000000 0.000000 0.000000
4 1707735513 0.000000 1 0.000000 0.000000 0.000000
1 1707735514 2.000000 1 2.000000 2.000000 2.000000
2 1707735514 0.000000 1 0.000000 0.000000 0.000000
3 1707735514 0.000000 1 0.000000 0.000000 0.000000
4 1707735514 0.000000 1 0.000000 0.000000 0.000000
1 1707735516 3.000000 1 3.000000 3.000000 3.000000
2 1707735516 0.000000 1 0.000000 0.000000 0.000000
3 1707735516 0.000000 1 0.000000 0.000000 0.000000
4 1707735516 0.000000 1 0.000000 0.000000 0.000000
1 1707735517 3.000000 1 3.000000 3.000000 3.000000
2 1707735517 0.000000 1 0.000000 0.000000 0.000000
3 1707735517 0.000000 1 0.000000 0.000000 0.000000
4 1707735517 0.000000 1 0.000000 0.000000 0.000000
1 1707735518 3.000000 1 3.000000 3.000000 3.000000
2 1707735518 0.000000 1 0.000000 0.000000 0.000000
3 1707735518 0.000000 1 0.000000 0.000000 0.000000
4 1707735518 0.000000 1 0.000000 0.000000 0.000000
1 1707735519 3.000000 1 3.000000 3.000000 3.000000
2 1707735519 0.000000 1 0.000000 0.000000 0.000000
3 1707735519 0.000000 1 0.000000 0.000000 0.000000
4 1707735519 0.000000 1 0.000000 0.000000 0.000000
1 1707735520 3.000000 1 3.000000 3.000000 3.000000
2 1707735520 0.000000 1 0.000000 0.000000 0.000000
3 1707735520 0.000000 1 0.000000 0.000000 0.000000
4 1707735520 0.000000 1 0.000000 0.000000 0.000000
1 1707735521 3.000000 1 3.000000 3.000000 3.000000
2 1707735521 0.000000 1 0.000000 0.000000 0.000000
3 1707735521 0.000000 1 0.000000 0.000000 0.000000
4 1707735521 0.000000 1 0.000000 0.000000 0.000000
1 1707735522 3.000000 1 3.000000 3.000000 3.000000
2 1707735522 0.000000 1 0.000000 0.000000 0.000000
3 1707735522 0.000000 1 0.000000 0.000000 0.000000
4 1707735522 0.000000 1 0.000000 0.000000 0.000000
1 1707735523 3.000000 1 3.000000 3.000000 3.000000
2 1707735523 0.000000 1 0.000000 0.000000 0.000000
3 1707735523 0.000000 1 0.000000 0.000000 0.000000
4 1707735523 0.000000 1 0.000000 0.000000 0.000000
1 1707735524 3.000000 1 3.000000 3.000000 3.000000
2 1707735524 0.000000 1 0.000000 0.000000 0.000000
3 1707735524 0.000000 1 0.000000 0.000000 0.000000
4 1707735524 0.000000 1 0.000000 0.000000 0.000000
1 1707735525 3.000000 1 3.000000 3.000000 3.000000
2 1707735525 0.000000 1 0.000000 0.000000 0.000000
3 1707735525 0.000000 1 0.000000 0.000000 0.000000
4 1707735525 0.000000 1 0.000000 0.000000 0.000000
1 1707735526 4.000000 1 4.000000 4.000000 4.000000
2 1707735526 0.000000 1 0.000000 0.000000 0.000000
3 1707735526 0.000000 1 0.000000 0.000000 0.000000
4 1707735526 0.000000 1 0.000000 0.000000 0.000000
1 1707735527 4.000000 1 4.000000 4.000000 4.000000
2 1707735527 0.000000 1 0.000000 0.000000 0.000000
3 1707735527 0.000000 1 0.000000 0.000000 0.000000
4 1707735527 0.000000 1 0.000000 0.000000 0.000000
1 1707735528 4.000000 1 4.000000 4.000000 4.000000
2 1707735528 0.000000 1 0.000000 0.000000 0.000000
3 1707735528 0.000000 1 0.000000 0.000000 0.000000
4 1707735528 0.000000 1 0.000000 0.000000 0.000000
1 1707735529 4.000000 1 4.000000 4.000000 4.000000
2 1707735529 0.000000 1 0.000000 0.000000 0.000000
3 1707735529 0.000000 1 0.000000 0.000000 0.000000
4 1707735529 0.000000 1 0.000000 0.000000 0.000000
1 1707735530 4.000000 1 4.000000 4.000000 4.000000
2 1707735530 0.000000 1 0.000000 0.000000 0.000000
3 1707735530 0.000000 1 0.000000 0.000000 0.000000
4 1707735530 0.000000 1 0.000000 0.000000 0.000000
1 1707735531 4.000000 1 4.000000 4.000000 4.000000
2 1707735531 0.000000 1 0.000000 0.000000 0.000000
3 1707735531 0.000000 1 0.000000 0.000000 0.000000
4 1707735531 0.000000 1 0.000000 0.000000 0.000000
1 1707735532 4.000000 1 4.000000 4.000000 4.000000
2 1707735532 0.000000 1 0.000000 0.000000 0.000000
3 1707735532 0.000000 1 0.000000 0.000000 0.000000
4 1707735532 0.000000 1 0.000000 0.000000 0.000000
1 1707735533 4.000000 1 4.000000 4.000000 4.000000
2 1707735533 0.000000 1 0.000000 0.000000 0.000000
3 1707735533 0.000000 1 0.000000 0.000000 0.000000
4 1707735533 0.000000 1 0.000000 0.000000 0.000000
1 1707735534 4.000000 1 4.000000 4.000000 4.000000
2 1707735534 0.000000 1 0.000000 0.000000 0.000000
3 1707735534 0.000000 1 0.000000 0.000000 0.000000
4 1707735534 0.000000 1 0.000000 0.000000 0.000000
1 1707735535 4.000000 1 4.000000 4.000000 4.000000
2 1707735535 0.000000 1 0.000000 0.000000 0.000000
3 1707735535 0.000000 1 0.000000 0.000000 0.000000
4 1707735535 0.000000 1 0.000000 0.000000 0.000000
1 1707735536 5.000000 1 5.000000 5.000000 5.000000
2 1707735536 0.000000 1 0.000000 0.000000 0.000000
3 1707735536 0.000000 1 0.000000 0.000000 0.000000
4 1707735536 0.000000 1 0.000000 0.000000 0.000000
1 1707735537 5.000000 1 5.000000 5.000000 5.000000
2 1707735537 0.000000 1 0.000000 0.000000 0.000000
3 1707735537 0.000000 1 0.000000 0.000000 0.000000
4 1707735537 0.000000 1 0.000000 0.000000 0.000000
1 1707735538 5.000000 1 5.000000 5.000000 5.000000
2 1707735538 0.000000 1 0.000000 0.000000 0.000000
3 1707735538 0.000000 1 0.000000 0.000000 0.000000
4 1707735538 0.000000 1 0.000000 0.000000 0.000000
1 1707735539 5.000000 1 5.000000 5.000000 5.000000
2 1707735539 0.000000 1 0.000000 0.000000 0.000000
3 1707735539 0.000000 1 0.000000 0.000000 0.000000
4 1707735539 0.000000 1 0.000000 0.000000 0.000000
1 1707735540 5.000000 1 5.000000 5.000000 5.000000
2 1707735540 0.000000 1 0.000000 0.000000 0.000000
3 1707735540 0.000000 1 0.000000 0.000000 0.000000
4 1707735540 0.000000 1 0.000000 0.000000 0.000000
1 1707735541 5.000000 1 5.000000 5.000000 5.000000
2 1707735541 0.000000 1 0.000000 0.000000 0.000000
3 1707735541 0.000000 1 0.000000 0.000000 0.000000
4 1707735541 0.000000 1 0.000000 0.000000 0.000000
1 1707735542 5.000000 1 5.000000 5.000000 5.000000
2 1707735542 0.000000 1 0.000000 0.000000 0.000000
3 1707735542 0.000000 1 0.000000 0.000000 0.000000
4 1707735542 0.000000 1 0.000000 0.000000 0.000000
1 1707735543 5.000000 1 5.000000 5.000000 5.000000
2 1707735543 0.000000 1 0.000000 0.000000 0.000000
3 1707735543 0.000000 1 0.000000 0.000000 0.000000
4 1707735543 0.000000 1 0.000000 0.000000 0.000000
1 1707735544 5.000000 1 5.000000 5.000000 5.000000
2 1707735544 0.000000 1 0.000000 0.000000 0.000000
3 1707735544 0.000000 1 0.000000 0.000000 0.000000
4 1707735544 0.000000 1 0.000000 0.000000 0.000000
1 1707735545 5.000000 1 5.000000 5.000000 5.000000
2 1707735545 0.000000 1 0.000000 0.000000 0.000000
3 1707735545 0.000000 1 0.000000 0.000000 0.000000
4 1707735545 0.000000 1 0.000000 0.000000 0.000000
1 1707735546 6.000000 1 6.000000 6.000000 6.000000
2 1707735546 0.000000 1 0.000000 0.000000 0.000000
3 1707735546 0.000000 1 0.000000 0.000000 0.000000
4 1707735546 0.000000 1 0.000000 0.000000 0.000000
1 1707735547 6.000000 1 6.000000 6.000000 6.000000
2 1707735547 0.000000 1 0.000000 0.000000 0.000000
3 1707735547 0.000000 1 0.000000 0.000000 0.000000
4 1707735547 0.000000 1 0.000000 0.000000 0.000000
1 1707735548 6.000000 1 6.000000 6.000000 6.000000
2 1707735548 0.000000 1 0.000000 0.000000 0.000000
3 1707735548 0.000000 1 0.000000 0.000000 0.000000
4 1707735548 0.000000 1 0.000000 0.000000 0.000000
1 1707735549 6.000000 1 6.000000 6.000000 6.000000
2 1707735549 0.000000 1 0.000000 0.000000 0.000000
3 1707735549 0.000000 1 0.000000 0.000000 0.000000
4 1707735549 0.000000 1 0.000000 0.000000 0.000000
1 1707735550 6.000000 1 6.000000 6.000000 6.000000
2 1707735550 0.000000 1 0.000000 0.000000 0.000000
3 1707735550 0.000000 1 0.000000 0.000000 0.000000
4 1707735550 0.000000 1 0.000000 0.000000 0.000000
1 1707735551 6.000000 1 6.000000 6.000000 6.000000
2 1707735551 0.000000 1 0.000000 0.000000 0.000000
3 1707735551 0.000000 1 0.000000 0.000000 0.000000
4 1707735551 0.000000 1 0.000000 0.000000 0.000000
1 1707735552 6.000000 1 6.000000 6.000000 6.000000
2 1707735552 0.000000 1 0.000000 0.000000 0.000000
3 1707735552 0.000000 1 0.000000 0.000000 0.000000
4 1707735552 0.000000 1 0.000000 0.000000 0.000000
1 1707735553 6.000000 1 6.000000 6.000000 6.000000
2 1707735553 0.000000 1 0.000000 0.000000 0.000000
3 1707735553 0.000000 1 0.000000 0.000000 0.000000
4 1707735553 0.000000 1 0.000000 0.000000 0.000000
1 1707735554 6.000000 1 6.000000 6.000000 6.000000
2 1707735554 0.000000 1 0.000000 0.000000 0.000000
3 1707735554 0.000000 1 0.000000 0.000000 0.000000
4 1707735554 0.000000 1 0.000000 0.000000 0.000000
1 1707735555 6.000000 1 6.000000 6.000000 6.000000
2 1707735555 0.000000 1 0.000000 0.000000 0.000000
3 1707735555 0.000000 1 0.000000 0.000000 0.000000
4 1707735555 0.000000 1 0.000000 0.000000 0.000000
1 1707735556 7.000000 1 7.000000 7.000000 7.000000
2 1707735556 0.000000 1 0.000000 0.000000 0.000000
3 1707735556 0.000000 1 0.000000 0.000000 0.000000
4 1707735556 0.000000 1 0.000000 0.000000 0.000000
1 1707735557 7.000000 1 7.000000 7.000000 7.000000
2 1707735557 0.000000 1 0.000000 0.000000 0.000000
3 1707735557 0.000000 1 0.000000 0.000000 0.000000
4 1707735557 0.000000 1 0.000000 0.000000 0.000000
1 1707735558 7.000000 1 7.000000 7.000000 7.000000
2 1707735558 0.000000 1 0.000000 0.000000 0.000000
3 1707735558 0.000000 1 0.000000 0.000000 0.000000
4 1707735558 0.000000 1 0.000000 0.000000 0.000000
1 1707735559 7.000000 1 7.000000 7.000000 7.000000
2 1707735559 0.000000 1 0.000000 0.000000 0.000000
3 1707735559 0.000000 1 0.000000 0.000000 0.000000
4 1707735559 0.000000 1 0.000000 0.000000 0.000000
1 1707735560 7.000000 1 7.000000 7.000000 7.000000
2 1707735560 0.000000 1 0.000000 0.000000 0.000000
3 1707735560 0.000000 1 0.000000 0.000000 0.000000
4 1707735560 0.000000 1 0.000000 0.000000 0.000000
1 1707735561 7.000000 1 7.000000 7.000000 7.000000
2 1707735561 0.000000 1 0.000000 0.000000 0.000000
3 1707735561 0.000000 1 0.000000 0.000000 0.000000
4 1707735561 0.000000 1 0.000000 0.000000 0.000000
1 1707735562 7.000000 1 7.000000 7.000000 7.000000
2 1707735562 0.000000 1 0.000000 0.000000 0.000000
3 1707735562 0.000000 1 0.000000 0.000000 0.000000
4 1707735562 0.000000 1 0.000000 0.000000 0.000000
1 1707735563 7.000000 1 7.000000 7.000000 7.000000
2 1707735563 0.000000 1 0.000000 0.000000 0.000000
3 1707735563 0.000000 1 0.000000 0.000000 0.000000
4 1707735563 0.000000 1 0.000000 0.000000 0.000000
1 1707735564 7.000000 1 7.000000 7.000000 7.000000
2 1707735564 0.000000 1 0.000000 0.000000 0.000000
3 1707735564 0.000000 1 0.000000 0.000000 0.000000
4 1707735564 0.000000 1 0.000000 0.000000 0.000000
1 1707735565 7.000000 1 7.000000 7.000000 7.000000
2 1707735565 0.000000 1 0.000000 0.000000 0.000000
3 1707735565 0.000000 1 0.000000 0.000000 0.000000
4 1707735565 0.000000 1 0.000000 0.000000 0.000000
1 1707735566 8.000000 1 8.000000 8.000000 8.000000
2 1707735566 0.000000 1 0.000000 0.000000 0.000000
3 1707735566 0.000000 1 0.000000 0.000000 0.000000
4 1707735566 0.000000 1 0.000000 0.000000 0.000000
1 1707735567 8.000000 1 8.000000 8.000000 8.000000
2 1707735567 0.000000 1 0.000000 0.000000 0.000000
3 1707735567 0.000000 1 0.000000 0.000000 0.000000
4 1707735567 0.000000 1 0.000000 0.000000 0.000000
1 1707735568 8.000000 1 8.000000 8.000000 8.000000
2 1707735568 0.000000 1 0.000000 0.000000 0.000000
3 1707735568 0.000000 1 0.000000 0.000000 0.000000
4 1707735568 0.000000 1 0.000000 0.000000 0.000000
1 1707735569 8.000000 1 8.000000 8.000000 8.000000
2 1707735569 0.000000 1 0.000000 0.000000 0.000000
3 1707735569 0.000000 1 0.000000 0.000000 0.000000
4 1707735569 0.000000 1 0.000000 0.000000 0.000000
1 1707735570 8.000000 1 8.000000 8.000000 8.000000
2 1707735570 0.000000 1 0.000000 0.000000 0.000000
3 1707735570 0.000000 1 0.000000 0.000000 0.000000
4 1707735570 0.000000 1 0.000000 0.000000 0.000000
1 1707735571 8.000000 1 8.000000 8.000000 8.000000
2 1707735571 0.000000 1 0.000000 0.000000 0.000000
3 1707735571 0.000000 1 0.000000 0.000000 0.000000
4 1707735571 0.000000 1 0.000000 0.000000 0.000000
1 1707735572 8.000000 1 8.000000 8.000000 8.000000
2 1707735572 0.000000 1 0.000000 0.000000 0.000000
3 1707735572 0.000000 1 0.000000 0.000000 0.000000
4 1707735572 0.000000 1 0.000000 0.000000 0.000000
1 1707735573 8.000000 1 8.000000 8.000000 8.000000
2 1707735573 0.000000 1 0.000000 0.000000 0.000000
3 1707735573 0.000000 1 0.000000 0.000000 0.000000
4 1707735573 0.000000 1 0.000000 0.000000 0.000000
1 1707735574 8.000000 1 8.000000 8.000000 8.000000
2 1707735574 0.000000 1 0.000000 0.000000 0.000000
3 1707735574 0.000000 1 0.000000 0.000000 0.000000
4 1707735574 0.000000 1 0.000000 0.000000 0.000000
1 1707735575 8.000000 1 8.000000 8.000000 8.000000
2 1707735575 1.000000 1 1.000000 1.000000 1.000000
3 1707735575 0.000000 1 0.000000 0.000000 0.000000
4 1707735575 0.000000 1 0.000000 0.000000 0.000000
1 1707735576 9.000000 1 9.000000 9.000000 9.000000
2 1707735576 0.000000 1 0.000000 0.000000 0.000000
3 1707735576 0.000000 1 0.000000 0.000000 0.000000
4 1707735576 0.000000 1 0.000000 0.000000 0.000000
1 1707735577 9.000000 1 9.000000 9.000000 9.000000
2 1707735577 0.000000 1 0.000000 0.000000 0.000000
3 1707735577 0.000000 1 0.000000 0.000000 0.000000
4 1707735577 0.000000 1 0.000000 0.000000 0.000000
1 1707735578 9.000000 1 9.000000 9.000000 9.000000
2 1707735578 0.000000 1 0.000000 0.000000 0.000000
3 1707735578 0.000000 1 0.000000 0.000000 0.000000
4 1707735578 0.000000 1 0.000000 0.000000 0.000000
1 1707735580 9.000000 1 9.000000 9.000000 9.000000
2 1707735580 0.000000 1 0.000000 0.000000 0.000000
3 1707735580 0.000000 1 0.000000 0.000000 0.000000
4 1707735580 0.000000 1 0.000000 0.000000 0.000000
1 1707735581 9.000000 1 9.000000 9.000000 9.000000
2 1707735581 0.000000 1 0.000000 0.000000 0.000000
3 1707735581 0.000000 1 0.000000 0.000000 0.000000
4 1707735581 0.000000 1 0.000000 0.000000 0.000000
1 1707735582 9.000000 1 9.000000 9.000000 9.000000
2 1707735582 0.000000 1 0.000000 0.000000 0.000000
3 1707735582 0.000000 1 0.000000 0.000000 0.000000
4 1707735582 0.000000 1 0.000000 0.000000 0.000000
1 1707735583 9.000000 1 9.000000 9.000000 9.000000
2 1707735583 0.000000 1 0.000000 0.000000 0.000000
3 1707735583 0.000000 1 0.000000 0.000000 0.000000
4 1707735583 0.000000 1 0.000000 0.000000 0.000000
1 1707735584 9.000000 1 9.000000 9.000000 9.000000
2 1707735584 0.000000 1 0.000000 0.000000 0.000000
3 1707735584 0.000000 1 0.000000 0.000000 0.000000
4 1707735584 0.000000 1 0.000000 0.000000 0.000000
1 1707735585 9.000000 1 9.000000 9.000000 9.000000
2 1707735585 0.000000 1 0.000000 0.000000 0.000000
3 1707735585 0.000000 1 0.000000 0.000000 0.000000
4 1707735585 0.000000 1 0.000000 0.000000 0.000000
1 1707735586 9.000000 1 9.000000 9.000000 9.000000
2 1707735586 0.000000 1 0.000000 0.000000 0.000000
3 1707735586 0.000000 1 0.000000 0.000000 0.000000
4 1707735586 0.000000 1 0.000000 0.000000 0.000000
1 1707735587 9.000000 1 9.000000 9.000000 9.000000
2 1707735587 0.000000 1 0.000000 0.000000 0.000000
3 1707735587 0.000000 1 0.000000 0.000000 0.000000
4 1707735587 0.000000 1 0.000000 0.000000 0.000000
1 1707735588 9.000000 1 9.000000 9.000000 9.000000
2 1707735588 0.000000 1 0.000000 0.000000 0.000000
3 1707735588 0.000000 1 0.000000 0.000000 0.000000
4 1707735588 0.000000 1 0.000000 0.000000 0.000000
1 1707735589 9.000000 1 9.000000 9.000000 9.000000
2 1707735589 0.000000 1 0.000000 0.000000 0.000000
3 1707735589 0.000000 1 0.000000 0.000000 0.000000
4 1707735589 0.000000 1 0.000000 0.000000 0.000000
1 1707735590 9.000000 1 9.000000 9.000000 9.000000
2 1707735590 0.000000 1 0.000000 0.000000 0.000000
3 1707735590 0.000000 1 0.000000 0.000000 0.000000
4 1707735590 0.000000 1 0.000000 0.000000 0.000000
1 1707735591 9.000000 1 9.000000 9.000000 9.000000
2 1707735591 0.000000 1 0.000000 0.000000 0.000000
3 1707735591 0.000000 1 0.000000 0.000000 0.000000
4 1707735591 0.000000 1 0.000000 0.000000 0.000000
1 1707735592 9.000000 1 9.000000 9.000000 9.000000
2 1707735592 0.000000 1 0.000000 0.000000 0.000000
3 1707735592 0.000000 1 0.000000 0.000000 0.000000
4 1707735592 0.000000 1 0.000000 0.000000 0.000000
1 1707735593 9.000000 1 9.000000 9.000000 9.000000
2 1707735593 0.000000 1 0.000000 0.000000 0.000000
3 1707735593 0.000000 1 0.000000 0.000000 0.000000
4 1707735593 0.000000 1 0.000000 0.000000 0.000000
1 1707735594 10.000000 1 10.000000 10.000000 10.000000
2 1707735594 0.000000 1 0.000000 0.000000 0.000000
3 1707735594 0.000000 1 0.000000 0.000000 0.000000
4 1707735594 0.000000 1 0.000000 0.000000 0.000000
1 1707735595 10.000000 1 10.000000 10.000000 10.000000
2 1707735595 0.000000 1 0.000000 0.000000 0.000000
3 1707735595 0.000000 1 0.000000 0.000000 0.000000
4 1707735595 0.000000 1 0.000000 0.000000 0.000000
1 1707735596 10.000000 1 10.000000 10.000000 10.000000
2 1707735596 0.000000 1 0.000000 0.000000 0.000000
3 1707735596 0.000000 1 0.000000 0.000000 0.000000
4 1707735596 0.000000 1 0.000000 0.000000 0.000000
1 1707735597 10.000000 1 10.000000 10.000000 10.000000
2 1707735597 0.000000 1 0.000000 0.000000 0.000000
3 1707735597 0.000000 1 0.000000 0.000000 0.000000
4 1707735597 0.000000 1 0.000000 0.000000 0.000000
1 1707735598 10.000000 1 10.000000 10.000000 10.000000
2 1707735598 0.000000 1 0.000000 0.000000 0.000000
3 1707735598 0.000000 1 0.000000 0.000000 0.000000
4 1707735598 0.000000 1 0.000000 0.000000 0.000000
1 1707735599 10.000000 1 10.000000 10.000000 10.000000
2 1707735599 0.000000 1 0.000000 0.000000 0.000000
3 1707735599 0.000000 1 0.000000 0.000000 0.000000
4 1707735599 0.000000 1 0.000000 0.000000 0.000000
1 1707735600 10.000000 1 10.000000 10.000000 10.000000
2 1707735600 0.000000 1 0.000000 0.000000 0.000000
3 1707735600 0.000000 1 0.000000 0.000000 0.000000
4 1707735600 0.000000 1 0.000000 0.000000 0.000000
1 1707735601 10.000000 1 10.000000 10.000000 10.000000
2 1707735601 0.000000 1 0.000000 0.000000 0.000000
3 1707735601 0.000000 1 0.000000 0.000000 0.000000
4 1707735601 0.000000 1 0.000000 0.000000 0.000000
1 1707735602 10.000000 1 10.000000 10.000000 10.000000
2 1707735602 0.000000 1 0.000000 0.000000 0.000000
3 1707735602 0.000000 1 0.000000 0.000000 0.000000
4 1707735602 0.000000 1 0.000000 0.000000 0.000000
1 1707735603 10.000000 1 10.000000 10.000000 10.000000
2 1707735603 0.000000 1 0.000000 0.000000 0.000000
3 1707735603 0.000000 1 0.000000 0.000000 0.000000
4 1707735603 0.000000 1 0.000000 0.000000 0.000000
1 1707735604 10.000000 1 10.000000 10.000000 10.000000
2 1707735604 0.000000 1 0.000000 0.000000 0.000000
3 1707735604 0.000000 1 0.000000 0.000000 0.000000
4 1707735604 0.000000 1 0.000000 0.000000 0.000000
1 1707735605 10.000000 1 10.000000 10.000000 10.000000
2 1707735605 0.000000 1 0.000000 0.000000 0.000000
3 1707735605 0.000000 1 0.000000 0.000000 0.000000
4 1707735605 0.000000 1 0.000000 0.000000 0.000000
1 1707735606 10.000000 1 10.000000 10.000000 10.000000
2 1707735606 0.000000 1 0.000000 0.000000 0.000000
3 1707735606 0.000000 1 0.000000 0.000000 0.000000
4 1707735606 0.000000 1 0.000000 0.000000 0.000000
1 1707735607 10.000000 1 10.000000 10.000000 10.000000
2 1707735607 0.000000 1 0.000000 0.000000 0.000000
3 1707735607 0.000000 1 0.000000 0.000000 0.000000
4 1707735607 0.000000 1 0.000000 0.000000 0.000000
1 1707735608 10.000000 1 10.000000 10.000000 10.000000
2 1707735608 0.000000 1 0.000000 0.000000 0.000000
3 1707735608 0.000000 1 0.000000 0.000000 0.000000
4 1707735608 0.000000 1 0.000000 0.000000 0.000000
1 1707735609 10.000000 1 10.000000 10.000000 10.000000
2 1707735609 0.000000 1 0.000000 0.000000 0.000000
3 1707735609 0.000000 1 0.000000 0.000000 0.000000
4 1707735609 0.000000 1 0.000000 0.000000 0.000000
1 1707735610 10.000000 1 10.000000 10.000000 10.000000
2 1707735610 0.000000 1 0.000000 0.000000 0.000000
3 1707735610 0.000000 1 0.000000 0.000000 0.000000
4 1707735610 0.000000 1 0.000000 0.000000 0.000000
1 1707735611 10.000000 1 10.000000 10.000000 10.000000
2 1707735611 0.000000 1 0.000000 0.000000 0.000000
3 1707735611 0.000000 1 0.000000 0.000000 0.000000
4 1707735611 0.000000 1 0.000000 0.000000 0.000000
1 1707735612 10.000000 1 10.000000 10.000000 10.000000
2 1707735612 0.000000 1 0.000000 0.000000 0.000000
3 1707735612 0.000000 1 0.000000 0.000000 0.000000
4 1707735612 0.000000 1 0.000000 0.000000 0.000000
1 1707735613 10.000000 1 10.000000 10.000000 10.000000
2 1707735613 0.000000 1 0.000000 0.000000 0.000000
3 1707735613 0.000000 1 0.000000 0.000000 0.000000
4 1707735613 0.000000 1 0.000000 0.000000 0.000000
1 1707735614 10.000000 1 10.000000 10.000000 10.000000
2 1707735614 0.000000 1 0.000000 0.000000 0.000000
3 1707735614 0.000000 1 0.000000 0.000000 0.000000
4 1707735614 0.000000 1 0.000000 0.000000 0.000000
1 1707735615 10.000000 1 10.000000 10.000000 10.000000
2 1707735615 0.000000 1 0.000000 0.000000 0.000000
3 1707735615 0.000000 1 0.000000 0.000000 0.000000
4 1707735615 0.000000 1 0.000000 0.000000 0.000000
1 1707735616 10.000000 1 10.000000 10.000000 10.000000
2 1707735616 0.000000 1 0.000000 0.000000 0.000000
3 1707735616 0.000000 1 0.000000 0.000000 0.000000
4 1707735616 0.000000 1 0.000000 0.000000 0.000000
1 1707735617 10.000000 1 10.000000 10.000000 10.000000
2 1707735617 0.000000 1 0.000000 0.000000 0.000000
3 1707735617 0.000000 1 0.000000 0.000000 0.000000
4 1707735617 0.000000 1 0.000000 0.000000 0.000000
1 1707735618 10.000000 1 10.000000 10.000000 10.000000
2 1707735618 0.000000 1 0.000000 0.000000 0.000000
3 1707735618 0.000000 1 0.000000 0.000000 0.000000
4 1707735618 0.000000 1 0.000000 0.000000 0.000000
1 1707735619 10.000000 1 10.000000 10.000000 10.000000
2 1707735619 0.000000 1 0.000000 0.000000 0.000000
3 1707735619 0.000000 1 0.000000 0.000000 0.000000
4 1707735619 0.000000 1 0.000000 0.000000 0.000000
1 1707735620 10.000000 1 10.000000 10.000000 10.000000
2 1707735620 0.000000 1 0.000000 0.000000 0.000000
3 1707735620 0.000000 1 0.000000 0.000000 0.000000
4 1707735620 0.000000 1 0.000000 0.000000 0.000000
1 1707735621 10.000000 1 10.000000 10.000000 10.000000
2 1707735621 0.000000 1 0.000000 0.000000 0.000000
3 1707735621 0.000000 1 0.000000 0.000000 0.000000
4 1707735621 0.000000 1 0.000000 0.000000 0.000000
1 1707735622 10.000000 1 10.000000 10.000000 10.000000
2 1707735622 0.000000 1 0.000000 0.000000 0.000000
3 1707735622 0.000000 1 0.000000 0.000000 0.000000
4 1707735622 0.000000 1 0.000000 0.000000 0.000000
1 1707735623 10.000000 1 10.000000 10.000000 10.000000
2 1707735623 0.000000 1 0.000000 0.000000 0.000000
3 1707735623 0.000000 1 0.000000 0.000000 0.000000
4 1707735623 0.000000 1 0.000000 0.000000 0.000000
1 1707735624 10.000000 1 10.000000 10.000000 10.000000
2 1707735624 0.000000 1 0.000000 0.000000 0.000000
3 1707735624 0.000000 1 0.000000 0.000000 0.000000
4 1707735624 0.000000 1 0.000000 0.000000 0.000000
1 1707735625 10.000000 1 10.000000 10.000000 10.000000
2 1707735625 0.000000 1 0.000000 0.000000 0.000000
3 1707735625 0.000000 1 0.000000 0.000000 0.000000
4 1707735625 0.000000 1 0.000000 0.000000 0.000000
1 1707735626 10.000000 1 10.000000 10.000000 10.000000
2 1707735626 0.000000 1 0.000000 0.000000 0.000000
3 1707735626 0.000000 1 0.000000 0.000000 0.000000
4 1707735626 0.000000 1 0.000000 0.000000 0.000000
1 1707735627 10.000000 1 10.000000 10.000000 10.000000
2 1707735627 0.000000 1 0.000000 0.000000 0.000000
3 1707735627 0.000000 1 0.000000 0.000000 0.000000
4 1707735627 0.000000 1 0.000000 0.000000 0.000000
1 1707735628 10.000000 1 10.000000 10.000000 10.000000
2 1707735628 0.000000 1 0.000000 0.000000 0.000000
3 1707735628 0.000000 1 0.000000 0.000000 0.000000
4 1707735628 0.000000 1 0.000000 0.000000 0.000000
1 1707735629 10.000000 1 10.000000 10.000000 10.000000
2 1707735629 0.000000 1 0.000000 0.000000 0.000000
3 1707735629 0.000000 1 0.000000 0.000000 0.000000
4 1707735629 0.000000 1 0.000000 0.000000 0.000000
1 1707735630 10.000000 1 10.000000 10.000000 10.000000
2 1707735630 0.000000 1 0.000000 0.000000 0.000000
3 1707735630 0.000000 1 0.000000 0.000000 0.000000
4 1707735630 0.000000 1 0.000000 0.000000 0.000000
1 1707735631 10.000000 1 10.000000 10.000000 10.000000
2 1707735631 0.000000 1 0.000000 0.000000 0.000000
3 1707735631 0.000000 1 0.000000 0.000000 0.000000
4 1707735631 0.000000 1 0.000000 0.000000 0.000000
1 1707735632 10.000000 1 10.000000 10.000000 10.000000
2 1707735632 0.000000 1 0.000000 0.000000 0.000000
3 1707735632 0.000000 1 0.000000 0.000000 0.000000
4 1707735632 0.000000 1 0.000000 0.000000 0.000000
1 1707735633 10.000000 1 10.000000 10.000000 10.000000
2 1707735633 0.000000 1 0.000000 0.000000 0.000000
3 1707735633 0.000000 1 0.000000 0.000000 0.000000
4 1707735633 0.000000 1 0.000000 0.000000 0.000000
1 1707735634 10.000000 1 10.000000 10.000000 10.000000
2 1707735634 0.000000 1 0.000000 0.000000 0.000000
3 1707735634 0.000000 1 0.000000 0.000000 0.000000
4 1707735634 0.000000 1 0.000000 0.000000 0.000000
1 1707735635 10.000000 1 10.000000 10.000000 10.000000
2 1707735635 0.000000 1 0.000000 0.000000 0.000000
3 1707735635 0.000000 1 0.000000 0.000000 0.000000
4 1707735635 0.000000 1 0.000000 0.000000 0.000000
1 1707735636 10.000000 1 10.000000 10.000000 10.000000
2 1707735636 0.000000 1 0.000000 0.000000 0.000000
3 1707735636 0.000000 1 0.000000 0.000000 0.000000
4 1707735636 0.000000 1 0.000000 0.000000 0.000000
1 1707735637 10.000000 1 10.000000 10.000000 10.000000
2 1707735637 0.000000 1 0.000000 0.000000 0.000000
3 1707735637 0.000000 1 0.000000 0.000000 0.000000
4 1707735637 0.000000 1 0.000000 0.000000 0.000000
1 1707735638 10.000000 1 10.000000 10.000000 10.000000
2 1707735638 0.000000 1 0.000000 0.000000 0.000000
3 1707735638 0.000000 1 0.000000 0.000000 0.000000
4 1707735638 0.000000 1 0.000000 0.000000 0.000000
1 1707735639 10.000000 1 10.000000 10.000000 10.000000
2 1707735639 0.000000 1 0.000000 0.000000 0.000000
3 1707735639 0.000000 1 0.000000 0.000000 0.000000
4 1707735639 0.000000 1 0.000000 0.000000 0.000000
1 1707735640 10.000000 1 10.000000 10.000000 10.000000
2 1707735640 0.000000 1 0.000000 0.000000 0.000000
3 1707735640 0.000000 1 0.000000 0.000000 0.000000
4 1707735640 0.000000 1 0.000000 0.000000 0.000000
1 1707735641 10.000000 1 10.000000 10.000000 10.000000
2 1707735641 0.000000 1 0.000000 0.000000 0.000000
3 1707735641 0.000000 1 0.000000 0.000000 0.000000
4 1707735641 0.000000 1 0.000000 0.000000 0.000000
1 1707735642 0.000000 1 0.000000 0.000000 0.000000
2 1707735642 0.000000 1 0.000000 0.000000 0.000000
3 1707735642 10.000000 1 10.000000 10.000000 10.000000
4 1707735642 0.000000 1 0.000000 0.000000 0.000000
