5 1707736254 0.000000 1 0.000000 0.000000 0.000000
6 1707736254 0.000000 1 0.000000 0.000000 0.000000
7 1707736254 0.000000 1 0.000000 0.000000 0.000000
5 1707736259 0.000000 1 0.000000 0.000000 0.000000
6 1707736259 0.000000 1 0.000000 0.000000 0.000000
7 1707736259 0.000000 1 0.000000 0.000000 0.000000
5 1707736264 0.000000 1 0.000000 0.000000 0.000000
6 1707736264 0.000000 1 0.000000 0.000000 0.000000
7 1707736264 0.000000 1 0.000000 0.000000 0.000000
5 1707736269 0.000000 1 0.000000 0.000000 0.000000
6 1707736269 0.000000 1 0.000000 0.000000 0.000000
7 1707736269 0.000000 1 0.000000 0.000000 0.000000
5 1707736274 0.000000 1 0.000000 0.000000 0.000000
6 1707736274 0.000000 1 0.000000 0.000000 0.000000
7 1707736274 0.000000 1 0.000000 0.000000 0.000000
5 1707736279 0.000000 1 0.000000 0.000000 0.000000
6 1707736279 0.000000 1 0.000000 0.000000 0.000000
7 1707736279 0.000000 1 0.000000 0.000000 0.000000
5 1707736284 0.000000 1 0.000000 0.000000 0.000000
6 1707736284 0.000000 1 0.000000 0.000000 0.000000
7 1707736284 0.000000 1 0.000000 0.000000 0.000000
5 1707736289 0.000000 1 0.000000 0.000000 0.000000
6 1707736289 0.000000 1 0.000000 0.000000 0.000000
7 1707736289 0.000000 1 0.000000 0.000000 0.000000
5 1707736294 0.000000 1 0.000000 0.000000 0.000000
6 1707736294 0.000000 1 0.000000 0.000000 0.000000
7 1707736294 0.000000 1 0.000000 0.000000 0.000000
5 1707736299 0.000000 1 0.000000 0.000000 0.000000
6 1707736299 0.000000 1 0.000000 0.000000 0.000000
7 1707736299 0.000000 1 0.000000 0.000000 0.000000
5 1707736304 0.000000 1 0.000000 0.000000 0.000000
6 1707736304 0.000000 1 0.000000 0.000000 0.000000
7 1707736304 0.000000 1 0.000000 0.000000 0.000000
5 1707736309 0.000000 1 0.000000 0.000000 0.000000
6 1707736309 0.000000 1 0.000000 0.000000 0.000000
7 1707736309 0.000000 1 0.000000 0.000000 0.000000
5 1707736314 0.000000 1 0.000000 0.000000 0.000000
6 1707736314 0.000000 1 0.000000 0.000000 0.000000
7 1707736314 0.000000 1 0.000000 0.000000 0.000000
5 1707736319 0.000000 1 0.000000 0.000000 0.000000
6 1707736319 0.000000 1 0.000000 0.000000 0.000000
7 1707736319 0.000000 1 0.000000 0.000000 0.000000
5 1707736324 0.000000 1 0.000000 0.000000 0.000000
6 1707736324 0.000000 1 0.000000 0.000000 0.000000
7 1707736324 0.000000 1 0.000000 0.000000 0.000000
5 1707736329 0.000000 1 0.000000 0.000000 0.000000
6 1707736329 0.000000 1 0.000000 0.000000 0.000000
7 1707736329 0.000000 1 0.000000 0.000000 0.000000
5 1707736334 0.000000 1 0.000000 0.000000 0.000000
6 1707736334 0.000000 1 0.000000 0.000000 0.000000
7 1707736334 0.000000 1 0.000000 0.000000 0.000000
5 1707736339 0.000000 1 0.000000 0.000000 0.000000
6 1707736339 0.000000 1 0.000000 0.000000 0.000000
7 1707736339 0.000000 1 0.000000 0.000000 0.000000
5 1707736344 0.000000 1 0.000000 0.000000 0.000000
6 1707736344 0.000000 1 0.000000 0.000000 0.000000
7 1707736344 0.000000 1 0.000000 0.000000 0.000000
5 1707736349 0.000000 1 0.000000 0.000000 0.000000
6 1707736349 0.000000 1 0.000000 0.000000 0.000000
7 1707736349 0.000000 1 0.000000 0.000000 0.000000
5 1707736354 0.000000 1 0.000000 0.000000 0.000000
6 1707736354 0.000000 1 0.000000 0.000000 0.000000
7 1707736354 0.000000 1 0.000000 0.000000 0.000000
5 1707736359 0.000000 1 0.000000 0.000000 0.000000
6 1707736359 0.000000 1 0.000000 0.000000 0.000000
7 1707736359 0.000000 1 0.000000 0.000000 0.000000
5 1707736364 0.000000 1 0.000000 0.000000 0.000000
6 1707736364 0.000000 1 0.000000 0.000000 0.000000
7 1707736364 0.000000 1 0.000000 0.000000 0.000000
5 1707736369 0.000000 1 0.000000 0.000000 0.000000
6 1707736369 0.000000 1 0.000000 0.000000 0.000000
7 1707736369 0.000000 1 0.000000 0.000000 0.000000
5 1707736374 0.000000 1 0.000000 0.000000 0.000000
6 1707736374 0.000000 1 0.000000 0.000000 0.000000
7 1707736374 0.000000 1 0.000000 0.000000 0.000000
5 1707736379 0.000000 1 0.000000 0.000000 0.000000
6 1707736379 0.000000 1 0.000000 0.000000 0.000000
7 1707736379 0.000000 1 0.000000 0.000000 0.000000
5 1707736384 0.000000 1 0.000000 0.000000 0.000000
6 1707736384 0.000000 1 0.000000 0.000000 0.000000
7 1707736384 0.000000 1 0.000000 0.000000 0.000000
5 1707736389 0.000000 1 0.000000 0.000000 0.000000
6 1707736389 0.000000 1 0.000000 0.000000 0.000000
7 1707736389 0.000000 1 0.000000 0.000000 0.000000
5 1707736394 0.000000 1 0.000000 0.000000 0.000000
6 1707736394 0.000000 1 0.000000 0.000000 0.000000
7 1707736394 0.000000 1 0.000000 0.000000 0.000000
5 1707736399 0.000000 1 0.000000 0.000000 0.000000
6 1707736399 0.000000 1 0.000000 0.000000 0.000000
7 1707736399 0.000000 1 0.000000 0.000000 0.000000
5 1707736404 0.000000 1 0.000000 0.000000 0.000000
6 1707736404 0.000000 1 0.000000 0.000000 0.000000
7 1707736404 0.000000 1 0.000000 0.000000 0.000000
5 1707736409 0.000000 1 0.000000 0.000000 0.000000
6 1707736409 0.000000 1 0.000000 0.000000 0.000000
7 1707736409 0.000000 1 0.000000 0.000000 0.000000
5 1707736414 0.000000 1 0.000000 0.000000 0.000000
6 1707736414 0.000000 1 0.000000 0.000000 0.000000
7 1707736414 0.000000 1 0.000000 0.000000 0.000000
5 1707736419 0.000000 1 0.000000 0.000000 0.000000
6 1707736419 0.000000 1 0.000000 0.000000 0.000000
7 1707736419 0.000000 1 0.000000 0.000000 0.000000
5 1707736424 0.000000 1 0.000000 0.000000 0.000000
6 1707736424 0.000000 1 0.000000 0.000000 0.000000
7 1707736424 0.000000 1 0.000000 0.000000 0.000000
5 1707736429 0.000000 1 0.000000 0.000000 0.000000
6 1707736429 0.000000 1 0.000000 0.000000 0.000000
7 1707736429 0.000000 1 0.000000 0.000000 0.000000
5 1707736434 0.000000 1 0.000000 0.000000 0.000000
6 1707736434 0.000000 1 0.000000 0.000000 0.000000
7 1707736434 0.000000 1 0.000000 0.000000 0.000000
5 1707736439 0.000000 1 0.000000 0.000000 0.000000
6 1707736439 0.000000 1 0.000000 0.000000 0.000000
7 1707736439 0.000000 1 0.000000 0.000000 0.000000
5 1707736444 0.000000 1 0.000000 0.000000 0.000000
6 1707736444 0.000000 1 0.000000 0.000000 0.000000
7 1707736444 0.000000 1 0.000000 0.000000 0.000000
5 1707736449 0.000000 1 0.000000 0.000000 0.000000
6 1707736449 0.000000 1 0.000000 0.000000 0.000000
7 1707736449 0.000000 1 0.000000 0.000000 0.000000
5 1707736454 0.000000 1 0.000000 0.000000 0.000000
6 1707736454 0.000000 1 0.000000 0.000000 0.000000
7 1707736454 0.000000 1 0.000000 0.000000 0.000000
5 1707736459 0.000000 1 0.000000 0.000000 0.000000
6 1707736459 0.000000 1 0.000000 0.000000 0.000000
7 1707736459 0.000000 1 0.000000 0.000000 0.000000
5 1707736464 0.000000 1 0.000000 0.000000 0.000000
6 1707736464 0.000000 1 0.000000 0.000000 0.000000
7 1707736464 0.000000 1 0.000000 0.000000 0.000000
5 1707736469 0.000000 1 0.000000 0.000000 0.000000
6 1707736469 0.000000 1 0.000000 0.000000 0.000000
7 1707736469 0.000000 1 0.000000 0.000000 0.000000
