1 1707735082 0.000000 1 0.000000 0.000000 0.000000
2 1707735082 0.000000 1 0.000000 0.000000 0.000000
3 1707735082 0.000000 1 0.000000 0.000000 0.000000
4 1707735082 0.000000 1 0.000000 0.000000 0.000000
1 1707735083 0.000000 1 0.000000 0.000000 0.000000
2 1707735083 0.000000 1 0.000000 0.000000 0.000000
3 1707735083 0.000000 1 0.000000 0.000000 0.000000
4 1707735083 0.000000 1 0.000000 0.000000 0.000000
1 1707735084 0.000000 1 0.000000 0.000000 0.000000
2 1707735084 0.000000 1 0.000000 0.000000 0.000000
3 1707735084 0.000000 1 0.000000 0.000000 0.000000
4 1707735084 0.000000 1 0.000000 0.000000 0.000000
1 1707735085 0.000000 1 0.000000 0.000000 0.000000
2 1707735085 0.000000 1 0.000000 0.000000 0.000000
3 1707735085 0.000000 1 0.000000 0.000000 0.000000
4 1707735085 0.000000 1 0.000000 0.000000 0.000000
1 1707735086 1.000000 1 1.000000 1.000000 1.000000
2 1707735086 0.000000 1 0.000000 0.000000 0.000000
3 1707735086 0.000000 1 0.000000 0.000000 0.000000
4 1707735086 0.000000 1 0.000000 0.000000 0.000000
1 1707735087 1.000000 1 1.000000 1.000000 1.000000
2 1707735087 0.000000 1 0.000000 0.000000 0.000000
3 1707735087 0.000000 1 0.000000 0.000000 0.000000
4 1707735087 0.000000 1 0.000000 0.000000 0.000000
1 1707735088 1.000000 1 1.000000 1.000000 1.000000
2 1707735088 0.000000 1 0.000000 0.000000 0.000000
3 1707735088 0.000000 1 0.000000 0.000000 0.000000
4 1707735088 0.000000 1 0.000000 0.000000 0.000000
1 1707735089 1.000000 1 1.000000 1.000000 1.000000
2 1707735089 0.000000 1 0.000000 0.000000 0.000000
3 1707735089 0.000000 1 0.000000 0.000000 0.000000
4 1707735089 0.000000 1 0.000000 0.000000 0.000000
1 1707735090 1.000000 1 1.000000 1.000000 1.000000
2 1707735090 0.000000 1 0.000000 0.000000 0.000000
3 1707735090 0.000000 1 0.000000 0.000000 0.000000
4 1707735090 0.000000 1 0.000000 0.000000 0.000000
1 1707735091 1.000000 1 1.000000 1.000000 1.000000
2 1707735091 0.000000 1 0.000000 0.000000 0.000000
3 1707735091 0.000000 1 0.000000 0.000000 0.000000
4 1707735091 0.000000 1 0.000000 0.000000 0.000000
1 1707735092 1.000000 1 1.000000 1.000000 1.000000
2 1707735092 0.000000 1 0.000000 0.000000 0.000000
3 1707735092 0.000000 1 0.000000 0.000000 0.000000
4 1707735092 0.000000 1 0.000000 0.000000 0.000000
1 1707735093 1.000000 1 1.000000 1.000000 1.000000
2 1707735093 0.000000 1 0.000000 0.000000 0.000000
3 1707735093 0.000000 1 0.000000 0.000000 0.000000
4 1707735093 0.000000 1 0.000000 0.000000 0.000000
1 1707735094 1.000000 1 1.000000 1.000000 1.000000
2 1707735094 0.000000 1 0.000000 0.000000 0.000000
3 1707735094 0.000000 1 0.000000 0.000000 0.000000
4 1707735094 0.000000 1 0.000000 0.000000 0.000000
1 1707735095 2.000000 1 2.000000 2.000000 2.000000
2 1707735095 0.000000 1 0.000000 0.000000 0.000000
3 1707735095 0.000000 1 0.000000 0.000000 0.000000
4 1707735095 0.000000 1 0.000000 0.000000 0.000000
1 1707735096 2.000000 1 2.000000 2.000000 2.000000
2 1707735096 0.000000 1 0.000000 0.000000 0.000000
3 1707735096 0.000000 1 0.000000 0.000000 0.000000
4 1707735096 0.000000 1 0.000000 0.000000 0.000000
1 1707735097 2.000000 1 2.000000 2.000000 2.000000
2 1707735097 0.000000 1 0.000000 0.000000 0.000000
3 1707735097 0.000000 1 0.000000 0.000000 0.000000
4 1707735097 0.000000 1 0.000000 0.000000 0.000000
1 1707735098 2.000000 1 2.000000 2.000000 2.000000
2 1707735098 0.000000 1 0.000000 0.000000 0.000000
3 1707735098 0.000000 1 0.000000 0.000000 0.000000
4 1707735098 0.000000 1 0.000000 0.000000 0.000000
1 1707735099 2.000000 1 2.000000 2.000000 2.000000
2 1707735099 0.000000 1 0.000000 0.000000 0.000000
3 1707735099 0.000000 1 0.000000 0.000000 0.000000
4 1707735099 0.000000 1 0.000000 0.000000 0.000000
1 1707735100 2.000000 1 2.000000 2.000000 2.000000
2 1707735100 0.000000 1 0.000000 0.000000 0.000000
3 1707735100 0.000000 1 0.000000 0.000000 0.000000
4 1707735100 0.000000 1 0.000000 0.000000 0.000000
1 1707735101 2.000000 1 2.000000 2.000000 2.000000
2 1707735101 0.000000 1 0.000000 0.000000 0.000000
3 1707735101 0.000000 1 0.000000 0.000000 0.000000
4 1707735101 0.000000 1 0.000000 0.000000 0.000000
1 1707735102 2.000000 1 2.000000 2.000000 2.000000
2 1707735102 0.000000 1 0.000000 0.000000 0.000000
3 1707735102 0.000000 1 0.000000 0.000000 0.000000
4 1707735102 0.000000 1 0.000000 0.000000 0.000000
1 1707735103 2.000000 1 2.000000 2.000000 2.000000
2 1707735103 0.000000 1 0.000000 0.000000 0.000000
3 1707735103 0.000000 1 0.000000 0.000000 0.000000
4 1707735103 0.000000 1 0.000000 0.000000 0.000000
1 1707735104 2.000000 1 2.000000 2.000000 2.000000
2 1707735104 0.000000 1 0.000000 0.000000 0.000000
3 1707735104 0.000000 1 0.000000 0.000000 0.000000
4 1707735104 0.000000 1 0.000000 0.000000 0.000000
1 1707735105 3.000000 1 3.000000 3.000000 3.000000
2 1707735105 0.000000 1 0.000000 0.000000 0.000000
3 1707735105 0.000000 1 0.000000 0.000000 0.000000
4 1707735105 0.000000 1 0.000000 0.000000 0.000000
1 1707735106 3.000000 1 3.000000 3.000000 3.000000
2 1707735106 0.000000 1 0.000000 0.000000 0.000000
3 1707735106 0.000000 1 0.000000 0.000000 0.000000
4 1707735106 0.000000 1 0.000000 0.000000 0.000000
1 1707735107 3.000000 1 3.000000 3.000000 3.000000
2 1707735107 0.000000 1 0.000000 0.000000 0.000000
3 1707735107 0.000000 1 0.000000 0.000000 0.000000
4 1707735107 0.000000 1 0.000000 0.000000 0.000000
1 1707735108 3.000000 1 3.000000 3.000000 3.000000
2 1707735108 0.000000 1 0.000000 0.000000 0.000000
3 1707735108 0.000000 1 0.000000 0.000000 0.000000
4 1707735108 0.000000 1 0.000000 0.000000 0.000000
1 1707735109 3.000000 1 3.000000 3.000000 3.000000
2 1707735109 0.000000 1 0.000000 0.000000 0.000000
3 1707735109 0.000000 1 0.000000 0.000000 0.000000
4 1707735109 0.000000 1 0.000000 0.000000 0.000000
1 1707735110 3.000000 1 3.000000 3.000000 3.000000
2 1707735110 0.000000 1 0.000000 0.000000 0.000000
3 1707735110 0.000000 1 0.000000 0.000000 0.000000
4 1707735110 0.000000 1 0.000000 0.000000 0.000000
1 1707735111 3.000000 1 3.000000 3.000000 3.000000
2 1707735111 0.000000 1 0.000000 0.000000 0.000000
3 1707735111 0.000000 1 0.000000 0.000000 0.000000
4 1707735111 0.000000 1 0.000000 0.000000 0.000000
1 1707735112 3.000000 1 3.000000 3.000000 3.000000
2 1707735112 0.000000 1 0.000000 0.000000 0.000000
3 1707735112 0.000000 1 0.000000 0.000000 0.000000
4 1707735112 0.000000 1 0.000000 0.000000 0.000000
1 1707735113 3.000000 1 3.000000 3.000000 3.000000
2 1707735113 0.000000 1 0.000000 0.000000 0.000000
3 1707735113 0.000000 1 0.000000 0.000000 0.000000
4 1707735113 0.000000 1 0.000000 0.000000 0.000000
1 1707735114 4.000000 1 4.000000 4.000000 4.000000
2 1707735114 0.000000 1 0.000000 0.000000 0.000000
3 1707735114 0.000000 1 0.000000 0.000000 0.000000
4 1707735114 0.000000 1 0.000000 0.000000 0.000000
1 1707735115 4.000000 1 4.000000 4.000000 4.000000
2 1707735115 0.000000 1 0.000000 0.000000 0.000000
3 1707735115 0.000000 1 0.000000 0.000000 0.000000
4 1707735115 0.000000 1 0.000000 0.000000 0.000000
1 1707735116 4.000000 1 4.000000 4.000000 4.000000
2 1707735116 0.000000 1 0.000000 0.000000 0.000000
3 1707735116 0.000000 1 0.000000 0.000000 0.000000
4 1707735116 0.000000 1 0.000000 0.000000 0.000000
1 1707735117 4.000000 1 4.000000 4.000000 4.000000
2 1707735117 0.000000 1 0.000000 0.000000 0.000000
3 1707735117 0.000000 1 0.000000 0.000000 0.000000
4 1707735117 0.000000 1 0.000000 0.000000 0.000000
1 1707735118 4.000000 1 4.000000 4.000000 4.000000
2 1707735118 0.000000 1 0.000000 0.000000 0.000000
3 1707735118 0.000000 1 0.000000 0.000000 0.000000
4 1707735118 0.000000 1 0.000000 0.000000 0.000000
1 1707735119 4.000000 1 4.000000 4.000000 4.000000
2 1707735119 0.000000 1 0.000000 0.000000 0.000000
3 1707735119 0.000000 1 0.000000 0.000000 0.000000
4 1707735119 0.000000 1 0.000000 0.000000 0.000000
1 1707735120 4.000000 1 4.000000 4.000000 4.000000
2 1707735120 0.000000 1 0.000000 0.000000 0.000000
3 1707735120 0.000000 1 0.000000 0.000000 0.000000
4 1707735120 0.000000 1 0.000000 0.000000 0.000000
1 1707735121 4.000000 1 4.000000 4.000000 4.000000
2 1707735121 0.000000 1 0.000000 0.000000 0.000000
3 1707735121 0.000000 1 0.000000 0.000000 0.000000
4 1707735121 0.000000 1 0.000000 0.000000 0.000000
1 1707735122 4.000000 1 4.000000 4.000000 4.000000
2 1707735122 0.000000 1 0.000000 0.000000 0.000000
3 1707735122 0.000000 1 0.000000 0.000000 0.000000
4 1707735122 0.000000 1 0.000000 0.000000 0.000000
1 1707735123 4.000000 1 4.000000 4.000000 4.000000
2 1707735123 0.000000 1 0.000000 0.000000 0.000000
3 1707735123 0.000000 1 0.000000 0.000000 0.000000
4 1707735123 0.000000 1 0.000000 0.000000 0.000000
1 1707735124 5.000000 1 5.000000 5.000000 5.000000
2 1707735124 0.000000 1 0.000000 0.000000 0.000000
3 1707735124 0.000000 1 0.000000 0.000000 0.000000
4 1707735124 0.000000 1 0.000000 0.000000 0.000000
1 1707735125 5.000000 1 5.000000 5.000000 5.000000
2 1707735125 0.000000 1 0.000000 0.000000 0.000000
3 1707735125 0.000000 1 0.000000 0.000000 0.000000
4 1707735125 0.000000 1 0.000000 0.000000 0.000000
1 1707735126 5.000000 1 5.000000 5.000000 5.000000
2 1707735126 0.000000 1 0.000000 0.000000 0.000000
3 1707735126 0.000000 1 0.000000 0.000000 0.000000
4 1707735126 0.000000 1 0.000000 0.000000 0.000000
1 1707735127 5.000000 1 5.000000 5.000000 5.000000
2 1707735127 0.000000 1 0.000000 0.000000 0.000000
3 1707735127 0.000000 1 0.000000 0.000000 0.000000
4 1707735127 0.000000 1 0.000000 0.000000 0.000000
1 1707735128 5.000000 1 5.000000 5.000000 5.000000
2 1707735128 0.000000 1 0.000000 0.000000 0.000000
3 1707735128 0.000000 1 0.000000 0.000000 0.000000
4 1707735128 0.000000 1 0.000000 0.000000 0.000000
1 1707735130 5.000000 1 5.000000 5.000000 5.000000
2 1707735130 0.000000 1 0.000000 0.000000 0.000000
3 1707735130 0.000000 1 0.000000 0.000000 0.000000
4 1707735130 0.000000 1 0.000000 0.000000 0.000000
1 1707735131 5.000000 1 5.000000 5.000000 5.000000
2 1707735131 0.000000 1 0.000000 0.000000 0.000000
3 1707735131 0.000000 1 0.000000 0.000000 0.000000
4 1707735131 0.000000 1 0.000000 0.000000 0.000000
1 1707735132 5.000000 1 5.000000 5.000000 5.000000
2 1707735132 0.000000 1 0.000000 0.000000 0.000000
3 1707735132 0.000000 1 0.000000 0.000000 0.000000
4 1707735132 0.000000 1 0.000000 0.000000 0.000000
1 1707735133 5.000000 1 5.000000 5.000000 5.000000
2 1707735133 0.000000 1 0.000000 0.000000 0.000000
3 1707735133 0.000000 1 0.000000 0.000000 0.000000
4 1707735133 0.000000 1 0.000000 0.000000 0.000000
1 1707735134 5.000000 1 5.000000 5.000000 5.000000
2 1707735134 0.000000 1 0.000000 0.000000 0.000000
3 1707735134 0.000000 1 0.000000 0.000000 0.000000
4 1707735134 0.000000 1 0.000000 0.000000 0.000000
1 1707735135 6.000000 1 6.000000 6.000000 6.000000
2 1707735135 0.000000 1 0.000000 0.000000 0.000000
3 1707735135 0.000000 1 0.000000 0.000000 0.000000
4 1707735135 0.000000 1 0.000000 0.000000 0.000000
1 1707735136 6.000000 1 6.000000 6.000000 6.000000
2 1707735136 0.000000 1 0.000000 0.000000 0.000000
3 1707735136 0.000000 1 0.000000 0.000000 0.000000
4 1707735136 0.000000 1 0.000000 0.000000 0.000000
1 1707735137 6.000000 1 6.000000 6.000000 6.000000
2 1707735137 0.000000 1 0.000000 0.000000 0.000000
3 1707735137 0.000000 1 0.000000 0.000000 0.000000
4 1707735137 0.000000 1 0.000000 0.000000 0.000000
1 1707735138 6.000000 1 6.000000 6.000000 6.000000
2 1707735138 0.000000 1 0.000000 0.000000 0.000000
3 1707735138 0.000000 1 0.000000 0.000000 0.000000
4 1707735138 0.000000 1 0.000000 0.000000 0.000000
1 1707735139 6.000000 1 6.000000 6.000000 6.000000
2 1707735139 0.000000 1 0.000000 0.000000 0.000000
3 1707735139 0.000000 1 0.000000 0.000000 0.000000
4 1707735139 0.000000 1 0.000000 0.000000 0.000000
1 1707735140 6.000000 1 6.000000 6.000000 6.000000
2 1707735140 0.000000 1 0.000000 0.000000 0.000000
3 1707735140 0.000000 1 0.000000 0.000000 0.000000
4 1707735140 0.000000 1 0.000000 0.000000 0.000000
1 1707735141 6.000000 1 6.000000 6.000000 6.000000
2 1707735141 0.000000 1 0.000000 0.000000 0.000000
3 1707735141 0.000000 1 0.000000 0.000000 0.000000
4 1707735141 0.000000 1 0.000000 0.000000 0.000000
1 1707735142 6.000000 1 6.000000 6.000000 6.000000
2 1707735142 0.000000 1 0.000000 0.000000 0.000000
3 1707735142 0.000000 1 0.000000 0.000000 0.000000
4 1707735142 0.000000 1 0.000000 0.000000 0.000000
1 1707735143 6.000000 1 6.000000 6.000000 6.000000
2 1707735143 0.000000 1 0.000000 0.000000 0.000000
3 1707735143 0.000000 1 0.000000 0.000000 0.000000
4 1707735143 0.000000 1 0.000000 0.000000 0.000000
1 1707735144 6.000000 1 6.000000 6.000000 6.000000
2 1707735144 0.000000 1 0.000000 0.000000 0.000000
3 1707735144 0.000000 1 0.000000 0.000000 0.000000
4 1707735144 0.000000 1 0.000000 0.000000 0.000000
1 1707735145 7.000000 1 7.000000 7.000000 7.000000
2 1707735145 0.000000 1 0.000000 0.000000 0.000000
3 1707735145 0.000000 1 0.000000 0.000000 0.000000
4 1707735145 0.000000 1 0.000000 0.000000 0.000000
1 1707735146 7.000000 1 7.000000 7.000000 7.000000
2 1707735146 0.000000 1 0.000000 0.000000 0.000000
3 1707735146 0.000000 1 0.000000 0.000000 0.000000
4 1707735146 0.000000 1 0.000000 0.000000 0.000000
1 1707735147 7.000000 1 7.000000 7.000000 7.000000
2 1707735147 0.000000 1 0.000000 0.000000 0.000000
3 1707735147 0.000000 1 0.000000 0.000000 0.000000
4 1707735147 0.000000 1 0.000000 0.000000 0.000000
1 1707735148 7.000000 1 7.000000 7.000000 7.000000
2 1707735148 0.000000 1 0.000000 0.000000 0.000000
3 1707735148 0.000000 1 0.000000 0.000000 0.000000
4 1707735148 0.000000 1 0.000000 0.000000 0.000000
1 1707735149 7.000000 1 7.000000 7.000000 7.000000
2 1707735149 0.000000 1 0.000000 0.000000 0.000000
3 1707735149 0.000000 1 0.000000 0.000000 0.000000
4 1707735149 0.000000 1 0.000000 0.000000 0.000000
1 1707735150 7.000000 1 7.000000 7.000000 7.000000
2 1707735150 0.000000 1 0.000000 0.000000 0.000000
3 1707735150 0.000000 1 0.000000 0.000000 0.000000
4 1707735150 0.000000 1 0.000000 0.000000 0.000000
1 1707735151 7.000000 1 7.000000 7.000000 7.000000
2 1707735151 0.000000 1 0.000000 0.000000 0.000000
3 1707735151 0.000000 1 0.000000 0.000000 0.000000
4 1707735151 0.000000 1 0.000000 0.000000 0.000000
1 1707735152 7.000000 1 7.000000 7.000000 7.000000
2 1707735152 0.000000 1 0.000000 0.000000 0.000000
3 1707735152 0.000000 1 0.000000 0.000000 0.000000
4 1707735152 0.000000 1 0.000000 0.000000 0.000000
1 1707735153 7.000000 1 7.000000 7.000000 7.000000
2 1707735153 0.000000 1 0.000000 0.000000 0.000000
3 1707735153 0.000000 1 0.000000 0.000000 0.000000
4 1707735153 0.000000 1 0.000000 0.000000 0.000000
1 1707735154 7.000000 1 7.000000 7.000000 7.000000
2 1707735154 0.000000 1 0.000000 0.000000 0.000000
3 1707735154 0.000000 1 0.000000 0.000000 0.000000
4 1707735154 0.000000 1 0.000000 0.000000 0.000000
1 1707735155 8.000000 1 8.000000 8.000000 8.000000
2 1707735155 0.000000 1 0.000000 0.000000 0.000000
3 1707735155 0.000000 1 0.000000 0.000000 0.000000
4 1707735155 0.000000 1 0.000000 0.000000 0.000000
1 1707735156 8.000000 1 8.000000 8.000000 8.000000
2 1707735156 0.000000 1 0.000000 0.000000 0.000000
3 1707735156 0.000000 1 0.000000 0.000000 0.000000
4 1707735156 0.000000 1 0.000000 0.000000 0.000000
1 1707735157 8.000000 1 8.000000 8.000000 8.000000
2 1707735157 0.000000 1 0.000000 0.000000 0.000000
3 1707735157 0.000000 1 0.000000 0.000000 0.000000
4 1707735157 0.000000 1 0.000000 0.000000 0.000000
1 1707735158 8.000000 1 8.000000 8.000000 8.000000
2 1707735158 0.000000 1 0.000000 0.000000 0.000000
3 1707735158 0.000000 1 0.000000 0.000000 0.000000
4 1707735158 0.000000 1 0.000000 0.000000 0.000000
1 1707735159 8.000000 1 8.000000 8.000000 8.000000
2 1707735159 0.000000 1 0.000000 0.000000 0.000000
3 1707735159 0.000000 1 0.000000 0.000000 0.000000
4 1707735159 0.000000 1 0.000000 0.000000 0.000000
1 1707735160 8.000000 1 8.000000 8.000000 8.000000
2 1707735160 0.000000 1 0.000000 0.000000 0.000000
3 1707735160 0.000000 1 0.000000 0.000000 0.000000
4 1707735160 0.000000 1 0.000000 0.000000 0.000000
1 1707735161 8.000000 1 8.000000 8.000000 8.000000
2 1707735161 0.000000 1 0.000000 0.000000 0.000000
3 1707735161 0.000000 1 0.000000 0.000000 0.000000
4 1707735161 0.000000 1 0.000000 0.000000 0.000000
1 1707735162 8.000000 1 8.000000 8.000000 8.000000
2 1707735162 0.000000 1 0.000000 0.000000 0.000000
3 1707735162 0.000000 1 0.000000 0.000000 0.000000
4 1707735162 0.000000 1 0.000000 0.000000 0.000000
1 1707735163 8.000000 1 8.000000 8.000000 8.000000
2 1707735163 0.000000 1 0.000000 0.000000 0.000000
3 1707735163 0.000000 1 0.000000 0.000000 0.000000
4 1707735163 0.000000 1 0.000000 0.000000 0.000000
1 1707735164 8.000000 1 8.000000 8.000000 8.000000
2 1707735164 0.000000 1 0.000000 0.000000 0.000000
3 1707735164 0.000000 1 0.000000 0.000000 0.000000
4 1707735164 0.000000 1 0.000000 0.000000 0.000000
1 1707735165 9.000000 1 9.000000 9.000000 9.000000
2 1707735165 0.000000 1 0.000000 0.000000 0.000000
3 1707735165 0.000000 1 0.000000 0.000000 0.000000
4 1707735165 0.000000 1 0.000000 0.000000 0.000000
1 1707735166 9.000000 1 9.000000 9.000000 9.000000
2 1707735166 0.000000 1 0.000000 0.000000 0.000000
3 1707735166 0.000000 1 0.000000 0.000000 0.000000
4 1707735166 0.000000 1 0.000000 0.000000 0.000000
1 1707735167 9.000000 1 9.000000 9.000000 9.000000
2 1707735167 0.000000 1 0.000000 0.000000 0.000000
3 1707735167 0.000000 1 0.000000 0.000000 0.000000
4 1707735167 0.000000 1 0.000000 0.000000 0.000000
1 1707735168 9.000000 1 9.000000 9.000000 9.000000
2 1707735168 0.000000 1 0.000000 0.000000 0.000000
3 1707735168 0.000000 1 0.000000 0.000000 0.000000
4 1707735168 0.000000 1 0.000000 0.000000 0.000000
1 1707735169 9.000000 1 9.000000 9.000000 9.000000
2 1707735169 0.000000 1 0.000000 0.000000 0.000000
3 1707735169 0.000000 1 0.000000 0.000000 0.000000
4 1707735169 0.000000 1 0.000000 0.000000 0.000000
1 1707735170 9.000000 1 9.000000 9.000000 9.000000
2 1707735170 0.000000 1 0.000000 0.000000 0.000000
3 1707735170 0.000000 1 0.000000 0.000000 0.000000
4 1707735170 0.000000 1 0.000000 0.000000 0.000000
1 1707735171 9.000000 1 9.000000 9.000000 9.000000
2 1707735171 0.000000 1 0.000000 0.000000 0.000000
3 1707735171 0.000000 1 0.000000 0.000000 0.000000
4 1707735171 0.000000 1 0.000000 0.000000 0.000000
1 1707735172 9.000000 1 9.000000 9.000000 9.000000
2 1707735172 0.000000 1 0.000000 0.000000 0.000000
3 1707735172 0.000000 1 0.000000 0.000000 0.000000
4 1707735172 0.000000 1 0.000000 0.000000 0.000000
1 1707735173 9.000000 1 9.000000 9.000000 9.000000
2 1707735173 0.000000 1 0.000000 0.000000 0.000000
3 1707735173 0.000000 1 0.000000 0.000000 0.000000
4 1707735173 0.000000 1 0.000000 0.000000 0.000000
1 1707735174 9.000000 1 9.000000 9.000000 9.000000
2 1707735174 0.000000 1 0.000000 0.000000 0.000000
3 1707735174 0.000000 1 0.000000 0.000000 0.000000
4 1707735174 0.000000 1 0.000000 0.000000 0.000000
1 1707735175 10.000000 1 10.000000 10.000000 10.000000
2 1707735175 0.000000 1 0.000000 0.000000 0.000000
3 1707735175 0.000000 1 0.000000 0.000000 0.000000
4 1707735175 0.000000 1 0.000000 0.000000 0.000000
1 1707735176 10.000000 1 10.000000 10.000000 10.000000
2 1707735176 0.000000 1 0.000000 0.000000 0.000000
3 1707735176 0.000000 1 0.000000 0.000000 0.000000
4 1707735176 0.000000 1 0.000000 0.000000 0.000000
1 1707735177 10.000000 1 10.000000 10.000000 10.000000
2 1707735177 0.000000 1 0.000000 0.000000 0.000000
3 1707735177 0.000000 1 0.000000 0.000000 0.000000
4 1707735177 0.000000 1 0.000000 0.000000 0.000000
1 1707735178 10.000000 1 10.000000 10.000000 10.000000
2 1707735178 0.000000 1 0.000000 0.000000 0.000000
3 1707735178 0.000000 1 0.000000 0.000000 0.000000
4 1707735178 0.000000 1 0.000000 0.000000 0.000000
1 1707735179 10.000000 1 10.000000 10.000000 10.000000
2 1707735179 0.000000 1 0.000000 0.000000 0.000000
3 1707735179 0.000000 1 0.000000 0.000000 0.000000
4 1707735179 0.000000 1 0.000000 0.000000 0.000000
1 1707735180 10.000000 1 10.000000 10.000000 10.000000
2 1707735180 0.000000 1 0.000000 0.000000 0.000000
3 1707735180 0.000000 1 0.000000 0.000000 0.000000
4 1707735180 0.000000 1 0.000000 0.000000 0.000000
1 1707735181 10.000000 1 10.000000 10.000000 10.000000
2 1707735181 0.000000 1 0.000000 0.000000 0.000000
3 1707735181 0.000000 1 0.000000 0.000000 0.000000
4 1707735181 0.000000 1 0.000000 0.000000 0.000000
1 1707735182 10.000000 1 10.000000 10.000000 10.000000
2 1707735182 0.000000 1 0.000000 0.000000 0.000000
3 1707735182 0.000000 1 0.000000 0.000000 0.000000
4 1707735182 0.000000 1 0.000000 0.000000 0.000000
1 1707735183 10.000000 1 10.000000 10.000000 10.000000
2 1707735183 0.000000 1 0.000000 0.000000 0.000000
3 1707735183 0.000000 1 0.000000 0.000000 0.000000
4 1707735183 0.000000 1 0.000000 0.000000 0.000000
1 1707735184 10.000000 1 10.000000 10.000000 10.000000
2 1707735184 0.000000 1 0.000000 0.000000 0.000000
3 1707735184 0.000000 1 0.000000 0.000000 0.000000
4 1707735184 0.000000 1 0.000000 0.000000 0.000000
1 1707735185 10.000000 1 10.000000 10.000000 10.000000
2 1707735185 0.000000 1 0.000000 0.000000 0.000000
3 1707735185 0.000000 1 0.000000 0.000000 0.000000
4 1707735185 0.000000 1 0.000000 0.000000 0.000000
1 1707735186 10.000000 1 10.000000 10.000000 10.000000
2 1707735186 0.000000 1 0.000000 0.000000 0.000000
3 1707735186 0.000000 1 0.000000 0.000000 0.000000
4 1707735186 0.000000 1 0.000000 0.000000 0.000000
1 1707735187 10.000000 1 10.000000 10.000000 10.000000
2 1707735187 0.000000 1 0.000000 0.000000 0.000000
3 1707735187 0.000000 1 0.000000 0.000000 0.000000
4 1707735187 0.000000 1 0.000000 0.000000 0.000000
1 1707735188 10.000000 1 10.000000 10.000000 10.000000
2 1707735188 0.000000 1 0.000000 0.000000 0.000000
3 1707735188 0.000000 1 0.000000 0.000000 0.000000
4 1707735188 0.000000 1 0.000000 0.000000 0.000000
1 1707735189 10.000000 1 10.000000 10.000000 10.000000
2 1707735189 0.000000 1 0.000000 0.000000 0.000000
3 1707735189 0.000000 1 0.000000 0.000000 0.000000
4 1707735189 0.000000 1 0.000000 0.000000 0.000000
1 1707735190 10.000000 1 10.000000 10.000000 10.000000
2 1707735190 0.000000 1 0.000000 0.000000 0.000000
3 1707735190 0.000000 1 0.000000 0.000000 0.000000
4 1707735190 0.000000 1 0.000000 0.000000 0.000000
1 1707735191 10.000000 1 10.000000 10.000000 10.000000
2 1707735191 0.000000 1 0.000000 0.000000 0.000000
3 1707735191 0.000000 1 0.000000 0.000000 0.000000
4 1707735191 0.000000 1 0.000000 0.000000 0.000000
1 1707735192 10.000000 1 10.000000 10.000000 10.000000
2 1707735192 0.000000 1 0.000000 0.000000 0.000000
3 1707735192 0.000000 1 0.000000 0.000000 0.000000
4 1707735192 0.000000 1 0.000000 0.000000 0.000000
1 1707735193 10.000000 1 10.000000 10.000000 10.000000
2 1707735193 0.000000 1 0.000000 0.000000 0.000000
3 1707735193 0.000000 1 0.000000 0.000000 0.000000
4 1707735193 0.000000 1 0.000000 0.000000 0.000000
1 1707735195 10.000000 1 10.000000 10.000000 10.000000
2 1707735195 0.000000 1 0.000000 0.000000 0.000000
3 1707735195 0.000000 1 0.000000 0.000000 0.000000
4 1707735195 0.000000 1 0.000000 0.000000 0.000000
1 1707735196 10.000000 1 10.000000 10.000000 10.000000
2 1707735196 0.000000 1 0.000000 0.000000 0.000000
3 1707735196 0.000000 1 0.000000 0.000000 0.000000
4 1707735196 0.000000 1 0.000000 0.000000 0.000000
1 1707735197 10.000000 1 10.000000 10.000000 10.000000
2 1707735197 0.000000 1 0.000000 0.000000 0.000000
3 1707735197 0.000000 1 0.000000 0.000000 0.000000
4 1707735197 0.000000 1 0.000000 0.000000 0.000000
1 1707735198 10.000000 1 10.000000 10.000000 10.000000
2 1707735198 0.000000 1 0.000000 0.000000 0.000000
3 1707735198 0.000000 1 0.000000 0.000000 0.000000
4 1707735198 0.000000 1 0.000000 0.000000 0.000000
1 1707735199 10.000000 1 10.000000 10.000000 10.000000
2 1707735199 0.000000 1 0.000000 0.000000 0.000000
3 1707735199 0.000000 1 0.000000 0.000000 0.000000
4 1707735199 0.000000 1 0.000000 0.000000 0.000000
1 1707735200 10.000000 1 10.000000 10.000000 10.000000
2 1707735200 0.000000 1 0.000000 0.000000 0.000000
3 1707735200 0.000000 1 0.000000 0.000000 0.000000
4 1707735200 0.000000 1 0.000000 0.000000 0.000000
1 1707735201 10.000000 1 10.000000 10.000000 10.000000
2 1707735201 0.000000 1 0.000000 0.000000 0.000000
3 1707735201 0.000000 1 0.000000 0.000000 0.000000
4 1707735201 0.000000 1 0.000000 0.000000 0.000000
1 1707735202 10.000000 1 10.000000 10.000000 10.000000
2 1707735202 0.000000 1 0.000000 0.000000 0.000000
3 1707735202 0.000000 1 0.000000 0.000000 0.000000
4 1707735202 0.000000 1 0.000000 0.000000 0.000000
1 1707735203 10.000000 1 10.000000 10.000000 10.000000
2 1707735203 0.000000 1 0.000000 0.000000 0.000000
3 1707735203 0.000000 1 0.000000 0.000000 0.000000
4 1707735203 0.000000 1 0.000000 0.000000 0.000000
1 1707735204 10.000000 1 10.000000 10.000000 10.000000
2 1707735204 0.000000 1 0.000000 0.000000 0.000000
3 1707735204 0.000000 1 0.000000 0.000000 0.000000
4 1707735204 0.000000 1 0.000000 0.000000 0.000000
1 1707735205 10.000000 1 10.000000 10.000000 10.000000
2 1707735205 0.000000 1 0.000000 0.000000 0.000000
3 1707735205 0.000000 1 0.000000 0.000000 0.000000
4 1707735205 0.000000 1 0.000000 0.000000 0.000000
1 1707735206 10.000000 1 10.000000 10.000000 10.000000
2 1707735206 0.000000 1 0.000000 0.000000 0.000000
3 1707735206 0.000000 1 0.000000 0.000000 0.000000
4 1707735206 0.000000 1 0.000000 0.000000 0.000000
1 1707735207 10.000000 1 10.000000 10.000000 10.000000
2 1707735207 0.000000 1 0.000000 0.000000 0.000000
3 1707735207 0.000000 1 0.000000 0.000000 0.000000
4 1707735207 0.000000 1 0.000000 0.000000 0.000000
1 1707735208 10.000000 1 10.000000 10.000000 10.000000
2 1707735208 0.000000 1 0.000000 0.000000 0.000000
3 1707735208 0.000000 1 0.000000 0.000000 0.000000
4 1707735208 0.000000 1 0.000000 0.000000 0.000000
1 1707735209 10.000000 1 10.000000 10.000000 10.000000
2 1707735209 0.000000 1 0.000000 0.000000 0.000000
3 1707735209 0.000000 1 0.000000 0.000000 0.000000
4 1707735209 0.000000 1 0.000000 0.000000 0.000000
1 1707735210 10.000000 1 10.000000 10.000000 10.000000
2 1707735210 0.000000 1 0.000000 0.000000 0.000000
3 1707735210 0.000000 1 0.000000 0.000000 0.000000
4 1707735210 0.000000 1 0.000000 0.000000 0.000000
1 1707735211 10.000000 1 10.000000 10.000000 10.000000
2 1707735211 0.000000 1 0.000000 0.000000 0.000000
3 1707735211 0.000000 1 0.000000 0.000000 0.000000
4 1707735211 0.000000 1 0.000000 0.000000 0.000000
1 1707735212 10.000000 1 10.000000 10.000000 10.000000
2 1707735212 0.000000 1 0.000000 0.000000 0.000000
3 1707735212 0.000000 1 0.000000 0.000000 0.000000
4 1707735212 0.000000 1 0.000000 0.000000 0.000000
1 1707735213 10.000000 1 10.000000 10.000000 10.000000
2 1707735213 0.000000 1 0.000000 0.000000 0.000000
3 1707735213 0.000000 1 0.000000 0.000000 0.000000
4 1707735213 0.000000 1 0.000000 0.000000 0.000000
1 1707735214 10.000000 1 10.000000 10.000000 10.000000
2 1707735214 0.000000 1 0.000000 0.000000 0.000000
3 1707735214 0.000000 1 0.000000 0.000000 0.000000
4 1707735214 0.000000 1 0.000000 0.000000 0.000000
1 1707735215 10.000000 1 10.000000 10.000000 10.000000
2 1707735215 0.000000 1 0.000000 0.000000 0.000000
3 1707735215 0.000000 1 0.000000 0.000000 0.000000
4 1707735215 0.000000 1 0.000000 0.000000 0.000000
1 1707735216 10.000000 1 10.000000 10.000000 10.000000
2 1707735216 0.000000 1 0.000000 0.000000 0.000000
3 1707735216 0.000000 1 0.000000 0.000000 0.000000
4 1707735216 0.000000 1 0.000000 0.000000 0.000000
1 1707735217 10.000000 1 10.000000 10.000000 10.000000
2 1707735217 0.000000 1 0.000000 0.000000 0.000000
3 1707735217 0.000000 1 0.000000 0.000000 0.000000
4 1707735217 0.000000 1 0.000000 0.000000 0.000000
1 1707735218 10.000000 1 10.000000 10.000000 10.000000
2 1707735218 0.000000 1 0.000000 0.000000 0.000000
3 1707735218 0.000000 1 0.000000 0.000000 0.000000
4 1707735218 0.000000 1 0.000000 0.000000 0.000000
1 1707735219 10.000000 1 10.000000 10.000000 10.000000
2 1707735219 0.000000 1 0.000000 0.000000 0.000000
3 1707735219 0.000000 1 0.000000 0.000000 0.000000
4 1707735219 0.000000 1 0.000000 0.000000 0.000000
1 1707735220 10.000000 1 10.000000 10.000000 10.000000
2 1707735220 0.000000 1 0.000000 0.000000 0.000000
3 1707735220 0.000000 1 0.000000 0.000000 0.000000
4 1707735220 0.000000 1 0.000000 0.000000 0.000000
1 1707735221 10.000000 1 10.000000 10.000000 10.000000
2 1707735221 0.000000 1 0.000000 0.000000 0.000000
3 1707735221 0.000000 1 0.000000 0.000000 0.000000
4 1707735221 0.000000 1 0.000000 0.000000 0.000000
1 1707735222 10.000000 1 10.000000 10.000000 10.000000
2 1707735222 0.000000 1 0.000000 0.000000 0.000000
3 1707735222 0.000000 1 0.000000 0.000000 0.000000
4 1707735222 0.000000 1 0.000000 0.000000 0.000000
1 1707735223 10.000000 1 10.000000 10.000000 10.000000
2 1707735223 0.000000 1 0.000000 0.000000 0.000000
3 1707735223 0.000000 1 0.000000 0.000000 0.000000
4 1707735223 0.000000 1 0.000000 0.000000 0.000000
1 1707735224 10.000000 1 10.000000 10.000000 10.000000
2 1707735224 0.000000 1 0.000000 0.000000 0.000000
3 1707735224 0.000000 1 0.000000 0.000000 0.000000
4 1707735224 0.000000 1 0.000000 0.000000 0.000000
1 1707735225 10.000000 1 10.000000 10.000000 10.000000
2 1707735225 0.000000 1 0.000000 0.000000 0.000000
3 1707735225 0.000000 1 0.000000 0.000000 0.000000
4 1707735225 0.000000 1 0.000000 0.000000 0.000000
1 1707735226 10.000000 1 10.000000 10.000000 10.000000
2 1707735226 0.000000 1 0.000000 0.000000 0.000000
3 1707735226 0.000000 1 0.000000 0.000000 0.000000
4 1707735226 0.000000 1 0.000000 0.000000 0.000000
1 1707735227 10.000000 1 10.000000 10.000000 10.000000
2 1707735227 0.000000 1 0.000000 0.000000 0.000000
3 1707735227 0.000000 1 0.000000 0.000000 0.000000
4 1707735227 0.000000 1 0.000000 0.000000 0.000000
1 1707735228 10.000000 1 10.000000 10.000000 10.000000
2 1707735228 0.000000 1 0.000000 0.000000 0.000000
3 1707735228 0.000000 1 0.000000 0.000000 0.000000
4 1707735228 0.000000 1 0.000000 0.000000 0.000000
1 1707735229 10.000000 1 10.000000 10.000000 10.000000
2 1707735229 0.000000 1 0.000000 0.000000 0.000000
3 1707735229 0.000000 1 0.000000 0.000000 0.000000
4 1707735229 0.000000 1 0.000000 0.000000 0.000000
1 1707735230 10.000000 1 10.000000 10.000000 10.000000
2 1707735230 0.000000 1 0.000000 0.000000 0.000000
3 1707735230 0.000000 1 0.000000 0.000000 0.000000
4 1707735230 0.000000 1 0.000000 0.000000 0.000000
1 1707735231 10.000000 1 10.000000 10.000000 10.000000
2 1707735231 0.000000 1 0.000000 0.000000 0.000000
3 1707735231 0.000000 1 0.000000 0.000000 0.000000
4 1707735231 0.000000 1 0.000000 0.000000 0.000000
1 1707735232 10.000000 1 10.000000 10.000000 10.000000
2 1707735232 0.000000 1 0.000000 0.000000 0.000000
3 1707735232 0.000000 1 0.000000 0.000000 0.000000
4 1707735232 0.000000 1 0.000000 0.000000 0.000000
1 1707735233 10.000000 1 10.000000 10.000000 10.000000
2 1707735233 0.000000 1 0.000000 0.000000 0.000000
3 1707735233 0.000000 1 0.000000 0.000000 0.000000
4 1707735233 0.000000 1 0.000000 0.000000 0.000000
1 1707735234 10.000000 1 10.000000 10.000000 10.000000
2 1707735234 0.000000 1 0.000000 0.000000 0.000000
3 1707735234 0.000000 1 0.000000 0.000000 0.000000
4 1707735234 0.000000 1 0.000000 0.000000 0.000000
1 1707735235 10.000000 1 10.000000 10.000000 10.000000
2 1707735235 0.000000 1 0.000000 0.000000 0.000000
3 1707735235 0.000000 1 0.000000 0.000000 0.000000
4 1707735235 0.000000 1 0.000000 0.000000 0.000000
1 1707735236 10.000000 1 10.000000 10.000000 10.000000
2 1707735236 0.000000 1 0.000000 0.000000 0.000000
3 1707735236 0.000000 1 0.000000 0.000000 0.000000
4 1707735236 0.000000 1 0.000000 0.000000 0.000000
1 1707735237 10.000000 1 10.000000 10.000000 10.000000
2 1707735237 0.000000 1 0.000000 0.000000 0.000000
3 1707735237 0.000000 1 0.000000 0.000000 0.000000
4 1707735237 0.000000 1 0.000000 0.000000 0.000000
1 1707735238 10.000000 1 10.000000 10.000000 10.000000
2 1707735238 0.000000 1 0.000000 0.000000 0.000000
3 1707735238 0.000000 1 0.000000 0.000000 0.000000
4 1707735238 0.000000 1 0.000000 0.000000 0.000000
1 1707735239 10.000000 1 10.000000 10.000000 10.000000
2 1707735239 0.000000 1 0.000000 0.000000 0.000000
3 1707735239 0.000000 1 0.000000 0.000000 0.000000
4 1707735239 0.000000 1 0.000000 0.000000 0.000000
1 1707735240 10.000000 1 10.000000 10.000000 10.000000
2 1707735240 0.000000 1 0.000000 0.000000 0.000000
3 1707735240 0.000000 1 0.000000 0.000000 0.000000
4 1707735240 0.000000 1 0.000000 0.000000 0.000000
1 1707735241 10.000000 1 10.000000 10.000000 10.000000
2 1707735241 0.000000 1 0.000000 0.000000 0.000000
3 1707735241 0.000000 1 0.000000 0.000000 0.000000
4 1707735241 0.000000 1 0.000000 0.000000 0.000000
1 1707735242 10.000000 1 10.000000 10.000000 10.000000
2 1707735242 0.000000 1 0.000000 0.000000 0.000000
3 1707735242 0.000000 1 0.000000 0.000000 0.000000
4 1707735242 0.000000 1 0.000000 0.000000 0.000000
1 1707735243 10.000000 1 10.000000 10.000000 10.000000
2 1707735243 0.000000 1 0.000000 0.000000 0.000000
3 1707735243 0.000000 1 0.000000 0.000000 0.000000
4 1707735243 0.000000 1 0.000000 0.000000 0.000000
1 1707735244 10.000000 1 10.000000 10.000000 10.000000
2 1707735244 0.000000 1 0.000000 0.000000 0.000000
3 1707735244 0.000000 1 0.000000 0.000000 0.000000
4 1707735244 0.000000 1 0.000000 0.000000 0.000000
1 1707735245 10.000000 1 10.000000 10.000000 10.000000
2 1707735245 0.000000 1 0.000000 0.000000 0.000000
3 1707735245 0.000000 1 0.000000 0.000000 0.000000
4 1707735245 0.000000 1 0.000000 0.000000 0.000000
1 1707735246 10.000000 1 10.000000 10.000000 10.000000
2 1707735246 0.000000 1 0.000000 0.000000 0.000000
3 1707735246 0.000000 1 0.000000 0.000000 0.000000
4 1707735246 0.000000 1 0.000000 0.000000 0.000000
1 1707735247 10.000000 1 10.000000 10.000000 10.000000
2 1707735247 0.000000 1 0.000000 0.000000 0.000000
3 1707735247 0.000000 1 0.000000 0.000000 0.000000
4 1707735247 0.000000 1 0.000000 0.000000 0.000000
1 1707735248 10.000000 1 10.000000 10.000000 10.000000
2 1707735248 0.000000 1 0.000000 0.000000 0.000000
3 1707735248 0.000000 1 0.000000 0.000000 0.000000
4 1707735248 0.000000 1 0.000000 0.000000 0.000000
1 1707735249 10.000000 1 10.000000 10.000000 10.000000
2 1707735249 0.000000 1 0.000000 0.000000 0.000000
3 1707735249 0.000000 1 0.000000 0.000000 0.000000
4 1707735249 0.000000 1 0.000000 0.000000 0.000000
1 1707735250 10.000000 1 10.000000 10.000000 10.000000
2 1707735250 0.000000 1 0.000000 0.000000 0.000000
3 1707735250 0.000000 1 0.000000 0.000000 0.000000
4 1707735250 0.000000 1 0.000000 0.000000 0.000000
1 1707735251 10.000000 1 10.000000 10.000000 10.000000
2 1707735251 0.000000 1 0.000000 0.000000 0.000000
3 1707735251 0.000000 1 0.000000 0.000000 0.000000
4 1707735251 0.000000 1 0.000000 0.000000 0.000000
1 1707735252 10.000000 1 10.000000 10.000000 10.000000
2 1707735252 0.000000 1 0.000000 0.000000 0.000000
3 1707735252 0.000000 1 0.000000 0.000000 0.000000
4 1707735252 0.000000 1 0.000000 0.000000 0.000000
1 1707735253 10.000000 1 10.000000 10.000000 10.000000
2 1707735253 0.000000 1 0.000000 0.000000 0.000000
3 1707735253 0.000000 1 0.000000 0.000000 0.000000
4 1707735253 0.000000 1 0.000000 0.000000 0.000000
1 1707735254 10.000000 1 10.000000 10.000000 10.000000
2 1707735254 0.000000 1 0.000000 0.000000 0.000000
3 1707735254 0.000000 1 0.000000 0.000000 0.000000
4 1707735254 0.000000 1 0.000000 0.000000 0.000000
1 1707735255 10.000000 1 10.000000 10.000000 10.000000
2 1707735255 0.000000 1 0.000000 0.000000 0.000000
3 1707735255 0.000000 1 0.000000 0.000000 0.000000
4 1707735255 0.000000 1 0.000000 0.000000 0.000000
1 1707735256 10.000000 1 10.000000 10.000000 10.000000
2 1707735256 0.000000 1 0.000000 0.000000 0.000000
3 1707735256 0.000000 1 0.000000 0.000000 0.000000
4 1707735256 0.000000 1 0.000000 0.000000 0.000000
1 1707735257 10.000000 1 10.000000 10.000000 10.000000
2 1707735257 0.000000 1 0.000000 0.000000 0.000000
3 1707735257 0.000000 1 0.000000 0.000000 0.000000
4 1707735257 0.000000 1 0.000000 0.000000 0.000000
1 1707735259 10.000000 1 10.000000 10.000000 10.000000
2 1707735259 0.000000 1 0.000000 0.000000 0.000000
3 1707735259 0.000000 1 0.000000 0.000000 0.000000
4 1707735259 0.000000 1 0.000000 0.000000 0.000000
1 1707735260 10.000000 1 10.000000 10.000000 10.000000
2 1707735260 0.000000 1 0.000000 0.000000 0.000000
3 1707735260 0.000000 1 0.000000 0.000000 0.000000
4 1707735260 0.000000 1 0.000000 0.000000 0.000000
1 1707735261 10.000000 1 10.000000 10.000000 10.000000
2 1707735261 0.000000 1 0.000000 0.000000 0.000000
3 1707735261 0.000000 1 0.000000 0.000000 0.000000
4 1707735261 0.000000 1 0.000000 0.000000 0.000000
1 1707735262 10.000000 1 10.000000 10.000000 10.000000
2 1707735262 0.000000 1 0.000000 0.000000 0.000000
3 1707735262 0.000000 1 0.000000 0.000000 0.000000
4 1707735262 0.000000 1 0.000000 0.000000 0.000000
1 1707735263 10.000000 1 10.000000 10.000000 10.000000
2 1707735263 0.000000 1 0.000000 0.000000 0.000000
3 1707735263 0.000000 1 0.000000 0.000000 0.000000
4 1707735263 0.000000 1 0.000000 0.000000 0.000000
1 1707735264 10.000000 1 10.000000 10.000000 10.000000
2 1707735264 0.000000 1 0.000000 0.000000 0.000000
3 1707735264 0.000000 1 0.000000 0.000000 0.000000
4 1707735264 0.000000 1 0.000000 0.000000 0.000000
1 1707735265 10.000000 1 10.000000 10.000000 10.000000
2 1707735265 0.000000 1 0.000000 0.000000 0.000000
3 1707735265 0.000000 1 0.000000 0.000000 0.000000
4 1707735265 0.000000 1 0.000000 0.000000 0.000000
1 1707735266 10.000000 1 10.000000 10.000000 10.000000
2 1707735266 0.000000 1 0.000000 0.000000 0.000000
3 1707735266 0.000000 1 0.000000 0.000000 0.000000
4 1707735266 0.000000 1 0.000000 0.000000 0.000000
1 1707735267 10.000000 1 10.000000 10.000000 10.000000
2 1707735267 0.000000 1 0.000000 0.000000 0.000000
3 1707735267 0.000000 1 0.000000 0.000000 0.000000
4 1707735267 0.000000 1 0.000000 0.000000 0.000000
1 1707735268 10.000000 1 10.000000 10.000000 10.000000
2 1707735268 0.000000 1 0.000000 0.000000 0.000000
3 1707735268 0.000000 1 0.000000 0.000000 0.000000
4 1707735268 0.000000 1 0.000000 0.000000 0.000000
1 1707735269 10.000000 1 10.000000 10.000000 10.000000
2 1707735269 0.000000 1 0.000000 0.000000 0.000000
3 1707735269 0.000000 1 0.000000 0.000000 0.000000
4 1707735269 0.000000 1 0.000000 0.000000 0.000000
1 1707735270 10.000000 1 10.000000 10.000000 10.000000
2 1707735270 0.000000 1 0.000000 0.000000 0.000000
3 1707735270 0.000000 1 0.000000 0.000000 0.000000
4 1707735270 0.000000 1 0.000000 0.000000 0.000000
1 1707735271 10.000000 1 10.000000 10.000000 10.000000
2 1707735271 0.000000 1 0.000000 0.000000 0.000000
3 1707735271 0.000000 1 0.000000 0.000000 0.000000
4 1707735271 0.000000 1 0.000000 0.000000 0.000000
1 1707735272 10.000000 1 10.000000 10.000000 10.000000
2 1707735272 0.000000 1 0.000000 0.000000 0.000000
3 1707735272 0.000000 1 0.000000 0.000000 0.000000
4 1707735272 0.000000 1 0.000000 0.000000 0.000000
1 1707735273 10.000000 1 10.000000 10.000000 10.000000
2 1707735273 0.000000 1 0.000000 0.000000 0.000000
3 1707735273 0.000000 1 0.000000 0.000000 0.000000
4 1707735273 0.000000 1 0.000000 0.000000 0.000000
1 1707735274 10.000000 1 10.000000 10.000000 10.000000
2 1707735274 0.000000 1 0.000000 0.000000 0.000000
3 1707735274 0.000000 1 0.000000 0.000000 0.000000
4 1707735274 0.000000 1 0.000000 0.000000 0.000000
1 1707735275 10.000000 1 10.000000 10.000000 10.000000
2 1707735275 0.000000 1 0.000000 0.000000 0.000000
3 1707735275 0.000000 1 0.000000 0.000000 0.000000
4 1707735275 0.000000 1 0.000000 0.000000 0.000000
1 1707735276 10.000000 1 10.000000 10.000000 10.000000
2 1707735276 0.000000 1 0.000000 0.000000 0.000000
3 1707735276 0.000000 1 0.000000 0.000000 0.000000
4 1707735276 0.000000 1 0.000000 0.000000 0.000000
1 1707735277 10.000000 1 10.000000 10.000000 10.000000
2 1707735277 0.000000 1 0.000000 0.000000 0.000000
3 1707735277 0.000000 1 0.000000 0.000000 0.000000
4 1707735277 0.000000 1 0.000000 0.000000 0.000000
1 1707735278 10.000000 1 10.000000 10.000000 10.000000
2 1707735278 0.000000 1 0.000000 0.000000 0.000000
3 1707735278 0.000000 1 0.000000 0.000000 0.000000
4 1707735278 0.000000 1 0.000000 0.000000 0.000000
1 1707735279 10.000000 1 10.000000 10.000000 10.000000
2 1707735279 0.000000 1 0.000000 0.000000 0.000000
3 1707735279 0.000000 1 0.000000 0.000000 0.000000
4 1707735279 0.000000 1 0.000000 0.000000 0.000000
1 1707735280 10.000000 1 10.000000 10.000000 10.000000
2 1707735280 0.000000 1 0.000000 0.000000 0.000000
3 1707735280 0.000000 1 0.000000 0.000000 0.000000
4 1707735280 0.000000 1 0.000000 0.000000 0.000000
1 1707735281 10.000000 1 10.000000 10.000000 10.000000
2 1707735281 0.000000 1 0.000000 0.000000 0.000000
3 1707735281 0.000000 1 0.000000 0.000000 0.000000
4 1707735281 0.000000 1 0.000000 0.000000 0.000000
1 1707735282 10.000000 1 10.000000 10.000000 10.000000
2 1707735282 0.000000 1 0.000000 0.000000 0.000000
3 1707735282 0.000000 1 0.000000 0.000000 0.000000
4 1707735282 0.000000 1 0.000000 0.000000 0.000000
1 1707735283 10.000000 1 10.000000 10.000000 10.000000
2 1707735283 0.000000 1 0.000000 0.000000 0.000000
3 1707735283 0.000000 1 0.000000 0.000000 0.000000
4 1707735283 0.000000 1 0.000000 0.000000 0.000000
1 1707735284 10.000000 1 10.000000 10.000000 10.000000
2 1707735284 0.000000 1 0.000000 0.000000 0.000000
3 1707735284 0.000000 1 0.000000 0.000000 0.000000
4 1707735284 0.000000 1 0.000000 0.000000 0.000000
1 1707735285 10.000000 1 10.000000 10.000000 10.000000
2 1707735285 0.000000 1 0.000000 0.000000 0.000000
3 1707735285 0.000000 1 0.000000 0.000000 0.000000
4 1707735285 0.000000 1 0.000000 0.000000 0.000000
1 1707735286 10.000000 1 10.000000 10.000000 10.000000
2 1707735286 0.000000 1 0.000000 0.000000 0.000000
3 1707735286 0.000000 1 0.000000 0.000000 0.000000
4 1707735286 0.000000 1 0.000000 0.000000 0.000000
1 1707735287 10.000000 1 10.000000 10.000000 10.000000
2 1707735287 0.000000 1 0.000000 0.000000 0.000000
3 1707735287 0.000000 1 0.000000 0.000000 0.000000
4 1707735287 0.000000 1 0.000000 0.000000 0.000000
1 1707735288 10.000000 1 10.000000 10.000000 10.000000
2 1707735288 0.000000 1 0.000000 0.000000 0.000000
3 1707735288 0.000000 1 0.000000 0.000000 0.000000
4 1707735288 0.000000 1 0.000000 0.000000 0.000000
1 1707735289 10.000000 1 10.000000 10.000000 10.000000
2 1707735289 0.000000 1 0.000000 0.000000 0.000000
3 1707735289 0.000000 1 0.000000 0.000000 0.000000
4 1707735289 0.000000 1 0.000000 0.000000 0.000000
1 1707735290 10.000000 1 10.000000 10.000000 10.000000
2 1707735290 0.000000 1 0.000000 0.000000 0.000000
3 1707735290 0.000000 1 0.000000 0.000000 0.000000
4 1707735290 0.000000 1 0.000000 0.000000 0.000000
1 1707735291 10.000000 1 10.000000 10.000000 10.000000
2 1707735291 0.000000 1 0.000000 0.000000 0.000000
3 1707735291 0.000000 1 0.000000 0.000000 0.000000
4 1707735291 0.000000 1 0.000000 0.000000 0.000000
1 1707735292 10.000000 1 10.000000 10.000000 10.000000
2 1707735292 0.000000 1 0.000000 0.000000 0.000000
3 1707735292 0.000000 1 0.000000 0.000000 0.000000
4 1707735292 0.000000 1 0.000000 0.000000 0.000000
1 1707735293 10.000000 1 10.000000 10.000000 10.000000
2 1707735293 0.000000 1 0.000000 0.000000 0.000000
3 1707735293 0.000000 1 0.000000 0.000000 0.000000
4 1707735293 0.000000 1 0.000000 0.000000 0.000000
1 1707735294 10.000000 1 10.000000 10.000000 10.000000
2 1707735294 0.000000 1 0.000000 0.000000 0.000000
3 1707735294 0.000000 1 0.000000 0.000000 0.000000
4 1707735294 0.000000 1 0.000000 0.000000 0.000000
1 1707735295 10.000000 1 10.000000 10.000000 10.000000
2 1707735295 0.000000 1 0.000000 0.000000 0.000000
3 1707735295 0.000000 1 0.000000 0.000000 0.000000
4 1707735295 0.000000 1 0.000000 0.000000 0.000000
1 1707735296 10.000000 1 10.000000 10.000000 10.000000
2 1707735296 0.000000 1 0.000000 0.000000 0.000000
3 1707735296 0.000000 1 0.000000 0.000000 0.000000
4 1707735296 0.000000 1 0.000000 0.000000 0.000000
1 1707735297 10.000000 1 10.000000 10.000000 10.000000
2 1707735297 0.000000 1 0.000000 0.000000 0.000000
3 1707735297 0.000000 1 0.000000 0.000000 0.000000
4 1707735297 0.000000 1 0.000000 0.000000 0.000000
1 1707735298 10.000000 1 10.000000 10.000000 10.000000
2 1707735298 0.000000 1 0.000000 0.000000 0.000000
3 1707735298 0.000000 1 0.000000 0.000000 0.000000
4 1707735298 0.000000 1 0.000000 0.000000 0.000000
1 1707735299 10.000000 1 10.000000 10.000000 10.000000
2 1707735299 0.000000 1 0.000000 0.000000 0.000000
3 1707735299 0.000000 1 0.000000 0.000000 0.000000
4 1707735299 0.000000 1 0.000000 0.000000 0.000000
1 1707735300 10.000000 1 10.000000 10.000000 10.000000
2 1707735300 0.000000 1 0.000000 0.000000 0.000000
3 1707735300 0.000000 1 0.000000 0.000000 0.000000
4 1707735300 0.000000 1 0.000000 0.000000 0.000000
1 1707735301 10.000000 1 10.000000 10.000000 10.000000
2 1707735301 0.000000 1 0.000000 0.000000 0.000000
3 1707735301 0.000000 1 0.000000 0.000000 0.000000
4 1707735301 0.000000 1 0.000000 0.000000 0.000000
1 1707735302 10.000000 1 10.000000 10.000000 10.000000
2 1707735302 0.000000 1 0.000000 0.000000 0.000000
3 1707735302 0.000000 1 0.000000 0.000000 0.000000
4 1707735302 0.000000 1 0.000000 0.000000 0.000000
1 1707735303 10.000000 1 10.000000 10.000000 10.000000
2 1707735303 0.000000 1 0.000000 0.000000 0.000000
3 1707735303 0.000000 1 0.000000 0.000000 0.000000
4 1707735303 0.000000 1 0.000000 0.000000 0.000000
1 1707735304 10.000000 1 10.000000 10.000000 10.000000
2 1707735304 0.000000 1 0.000000 0.000000 0.000000
3 1707735304 0.000000 1 0.000000 0.000000 0.000000
4 1707735304 0.000000 1 0.000000 0.000000 0.000000
1 1707735305 10.000000 1 10.000000 10.000000 10.000000
2 1707735305 0.000000 1 0.000000 0.000000 0.000000
3 1707735305 0.000000 1 0.000000 0.000000 0.000000
4 1707735305 0.000000 1 0.000000 0.000000 0.000000
1 1707735306 10.000000 1 10.000000 10.000000 10.000000
2 1707735306 0.000000 1 0.000000 0.000000 0.000000
3 1707735306 0.000000 1 0.000000 0.000000 0.000000
4 1707735306 0.000000 1 0.000000 0.000000 0.000000
1 1707735307 10.000000 1 10.000000 10.000000 10.000000
2 1707735307 0.000000 1 0.000000 0.000000 0.000000
3 1707735307 0.000000 1 0.000000 0.000000 0.000000
4 1707735307 0.000000 1 0.000000 0.000000 0.000000
1 1707735308 10.000000 1 10.000000 10.000000 10.000000
2 1707735308 0.000000 1 0.000000 0.000000 0.000000
3 1707735308 0.000000 1 0.000000 0.000000 0.000000
4 1707735308 0.000000 1 0.000000 0.000000 0.000000
1 1707735309 10.000000 1 10.000000 10.000000 10.000000
2 1707735309 0.000000 1 0.000000 0.000000 0.000000
3 1707735309 0.000000 1 0.000000 0.000000 0.000000
4 1707735309 0.000000 1 0.000000 0.000000 0.000000
1 1707735310 10.000000 1 10.000000 10.000000 10.000000
2 1707735310 0.000000 1 0.000000 0.000000 0.000000
3 1707735310 0.000000 1 0.000000 0.000000 0.000000
4 1707735310 0.000000 1 0.000000 0.000000 0.000000
1 1707735311 10.000000 1 10.000000 10.000000 10.000000
2 1707735311 0.000000 1 0.000000 0.000000 0.000000
3 1707735311 0.000000 1 0.000000 0.000000 0.000000
4 1707735311 0.000000 1 0.000000 0.000000 0.000000
1 1707735312 10.000000 1 10.000000 10.000000 10.000000
2 1707735312 0.000000 1 0.000000 0.000000 0.000000
3 1707735312 0.000000 1 0.000000 0.000000 0.000000
4 1707735312 0.000000 1 0.000000 0.000000 0.000000
1 1707735313 10.000000 1 10.000000 10.000000 10.000000
2 1707735313 0.000000 1 0.000000 0.000000 0.000000
3 1707735313 0.000000 1 0.000000 0.000000 0.000000
4 1707735313 0.000000 1 0.000000 0.000000 0.000000
1 1707735314 10.000000 1 10.000000 10.000000 10.000000
2 1707735314 0.000000 1 0.000000 0.000000 0.000000
3 1707735314 0.000000 1 0.000000 0.000000 0.000000
4 1707735314 0.000000 1 0.000000 0.000000 0.000000
1 1707735315 10.000000 1 10.000000 10.000000 10.000000
2 1707735315 0.000000 1 0.000000 0.000000 0.000000
3 1707735315 0.000000 1 0.000000 0.000000 0.000000
4 1707735315 0.000000 1 0.000000 0.000000 0.000000
1 1707735316 10.000000 1 10.000000 10.000000 10.000000
2 1707735316 0.000000 1 0.000000 0.000000 0.000000
3 1707735316 0.000000 1 0.000000 0.000000 0.000000
4 1707735316 0.000000 1 0.000000 0.000000 0.000000
1 1707735317 10.000000 1 10.000000 10.000000 10.000000
2 1707735317 0.000000 1 0.000000 0.000000 0.000000
3 1707735317 0.000000 1 0.000000 0.000000 0.000000
4 1707735317 0.000000 1 0.000000 0.000000 0.000000
1 1707735318 10.000000 1 10.000000 10.000000 10.000000
2 1707735318 0.000000 1 0.000000 0.000000 0.000000
3 1707735318 0.000000 1 0.000000 0.000000 0.000000
4 1707735318 0.000000 1 0.000000 0.000000 0.000000
1 1707735319 10.000000 1 10.000000 10.000000 10.000000
2 1707735319 0.000000 1 0.000000 0.000000 0.000000
3 1707735319 0.000000 1 0.000000 0.000000 0.000000
4 1707735319 0.000000 1 0.000000 0.000000 0.000000
1 1707735320 10.000000 1 10.000000 10.000000 10.000000
2 1707735320 0.000000 1 0.000000 0.000000 0.000000
3 1707735320 0.000000 1 0.000000 0.000000 0.000000
4 1707735320 0.000000 1 0.000000 0.000000 0.000000
1 1707735322 10.000000 1 10.000000 10.000000 10.000000
2 1707735322 0.000000 1 0.000000 0.000000 0.000000
3 1707735322 0.000000 1 0.000000 0.000000 0.000000
4 1707735322 0.000000 1 0.000000 0.000000 0.000000
1 1707735323 10.000000 1 10.000000 10.000000 10.000000
2 1707735323 0.000000 1 0.000000 0.000000 0.000000
3 1707735323 0.000000 1 0.000000 0.000000 0.000000
4 1707735323 0.000000 1 0.000000 0.000000 0.000000
1 1707735324 10.000000 1 10.000000 10.000000 10.000000
2 1707735324 0.000000 1 0.000000 0.000000 0.000000
3 1707735324 0.000000 1 0.000000 0.000000 0.000000
4 1707735324 0.000000 1 0.000000 0.000000 0.000000
1 1707735325 10.000000 1 10.000000 10.000000 10.000000
2 1707735325 0.000000 1 0.000000 0.000000 0.000000
3 1707735325 0.000000 1 0.000000 0.000000 0.000000
4 1707735325 0.000000 1 0.000000 0.000000 0.000000
1 1707735326 10.000000 1 10.000000 10.000000 10.000000
2 1707735326 0.000000 1 0.000000 0.000000 0.000000
3 1707735326 0.000000 1 0.000000 0.000000 0.000000
4 1707735326 0.000000 1 0.000000 0.000000 0.000000
1 1707735327 10.000000 1 10.000000 10.000000 10.000000
2 1707735327 0.000000 1 0.000000 0.000000 0.000000
3 1707735327 0.000000 1 0.000000 0.000000 0.000000
4 1707735327 0.000000 1 0.000000 0.000000 0.000000
1 1707735328 10.000000 1 10.000000 10.000000 10.000000
2 1707735328 0.000000 1 0.000000 0.000000 0.000000
3 1707735328 0.000000 1 0.000000 0.000000 0.000000
4 1707735328 0.000000 1 0.000000 0.000000 0.000000
1 1707735329 10.000000 1 10.000000 10.000000 10.000000
2 1707735329 0.000000 1 0.000000 0.000000 0.000000
3 1707735329 0.000000 1 0.000000 0.000000 0.000000
4 1707735329 0.000000 1 0.000000 0.000000 0.000000
1 1707735330 10.000000 1 10.000000 10.000000 10.000000
2 1707735330 0.000000 1 0.000000 0.000000 0.000000
3 1707735330 0.000000 1 0.000000 0.000000 0.000000
4 1707735330 0.000000 1 0.000000 0.000000 0.000000
1 1707735331 10.000000 1 10.000000 10.000000 10.000000
2 1707735331 0.000000 1 0.000000 0.000000 0.000000
3 1707735331 0.000000 1 0.000000 0.000000 0.000000
4 1707735331 0.000000 1 0.000000 0.000000 0.000000
1 1707735332 10.000000 1 10.000000 10.000000 10.000000
2 1707735332 0.000000 1 0.000000 0.000000 0.000000
3 1707735332 0.000000 1 0.000000 0.000000 0.000000
4 1707735332 0.000000 1 0.000000 0.000000 0.000000
1 1707735333 10.000000 1 10.000000 10.000000 10.000000
2 1707735333 0.000000 1 0.000000 0.000000 0.000000
3 1707735333 0.000000 1 0.000000 0.000000 0.000000
4 1707735333 0.000000 1 0.000000 0.000000 0.000000
1 1707735334 10.000000 1 10.000000 10.000000 10.000000
2 1707735334 0.000000 1 0.000000 0.000000 0.000000
3 1707735334 0.000000 1 0.000000 0.000000 0.000000
4 1707735334 0.000000 1 0.000000 0.000000 0.000000
1 1707735335 10.000000 1 10.000000 10.000000 10.000000
2 1707735335 0.000000 1 0.000000 0.000000 0.000000
3 1707735335 0.000000 1 0.000000 0.000000 0.000000
4 1707735335 0.000000 1 0.000000 0.000000 0.000000
1 1707735336 10.000000 1 10.000000 10.000000 10.000000
2 1707735336 0.000000 1 0.000000 0.000000 0.000000
3 1707735336 0.000000 1 0.000000 0.000000 0.000000
4 1707735336 0.000000 1 0.000000 0.000000 0.000000
1 1707735337 10.000000 1 10.000000 10.000000 10.000000
2 1707735337 0.000000 1 0.000000 0.000000 0.000000
3 1707735337 0.000000 1 0.000000 0.000000 0.000000
4 1707735337 0.000000 1 0.000000 0.000000 0.000000
1 1707735338 10.000000 1 10.000000 10.000000 10.000000
2 1707735338 0.000000 1 0.000000 0.000000 0.000000
3 1707735338 0.000000 1 0.000000 0.000000 0.000000
4 1707735338 0.000000 1 0.000000 0.000000 0.000000
1 1707735339 10.000000 1 10.000000 10.000000 10.000000
2 1707735339 0.000000 1 0.000000 0.000000 0.000000
3 1707735339 0.000000 1 0.000000 0.000000 0.000000
4 1707735339 0.000000 1 0.000000 0.000000 0.000000
1 1707735340 10.000000 1 10.000000 10.000000 10.000000
2 1707735340 0.000000 1 0.000000 0.000000 0.000000
3 1707735340 0.000000 1 0.000000 0.000000 0.000000
4 1707735340 0.000000 1 0.000000 0.000000 0.000000
1 1707735341 10.000000 1 10.000000 10.000000 10.000000
2 1707735341 0.000000 1 0.000000 0.000000 0.000000
3 1707735341 0.000000 1 0.000000 0.000000 0.000000
4 1707735341 0.000000 1 0.000000 0.000000 0.000000
1 1707735342 10.000000 1 10.000000 10.000000 10.000000
2 1707735342 0.000000 1 0.000000 0.000000 0.000000
3 1707735342 0.000000 1 0.000000 0.000000 0.000000
4 1707735342 0.000000 1 0.000000 0.000000 0.000000
1 1707735343 10.000000 1 10.000000 10.000000 10.000000
2 1707735343 0.000000 1 0.000000 0.000000 0.000000
3 1707735343 0.000000 1 0.000000 0.000000 0.000000
4 1707735343 0.000000 1 0.000000 0.000000 0.000000
1 1707735344 10.000000 1 10.000000 10.000000 10.000000
2 1707735344 0.000000 1 0.000000 0.000000 0.000000
3 1707735344 0.000000 1 0.000000 0.000000 0.000000
4 1707735344 0.000000 1 0.000000 0.000000 0.000000
1 1707735345 10.000000 1 10.000000 10.000000 10.000000
2 1707735345 0.000000 1 0.000000 0.000000 0.000000
3 1707735345 0.000000 1 0.000000 0.000000 0.000000
4 1707735345 0.000000 1 0.000000 0.000000 0.000000
1 1707735346 10.000000 1 10.000000 10.000000 10.000000
2 1707735346 0.000000 1 0.000000 0.000000 0.000000
3 1707735346 0.000000 1 0.000000 0.000000 0.000000
4 1707735346 0.000000 1 0.000000 0.000000 0.000000
1 1707735347 10.000000 1 10.000000 10.000000 10.000000
2 1707735347 0.000000 1 0.000000 0.000000 0.000000
3 1707735347 0.000000 1 0.000000 0.000000 0.000000
4 1707735347 0.000000 1 0.000000 0.000000 0.000000
1 1707735348 10.000000 1 10.000000 10.000000 10.000000
2 1707735348 0.000000 1 0.000000 0.000000 0.000000
3 1707735348 0.000000 1 0.000000 0.000000 0.000000
4 1707735348 0.000000 1 0.000000 0.000000 0.000000
1 1707735349 10.000000 1 10.000000 10.000000 10.000000
2 1707735349 0.000000 1 0.000000 0.000000 0.000000
3 1707735349 0.000000 1 0.000000 0.000000 0.000000
4 1707735349 0.000000 1 0.000000 0.000000 0.000000
1 1707735350 10.000000 1 10.000000 10.000000 10.000000
2 1707735350 0.000000 1 0.000000 0.000000 0.000000
3 1707735350 0.000000 1 0.000000 0.000000 0.000000
4 1707735350 0.000000 1 0.000000 0.000000 0.000000
1 1707735351 10.000000 1 10.000000 10.000000 10.000000
2 1707735351 0.000000 1 0.000000 0.000000 0.000000
3 1707735351 0.000000 1 0.000000 0.000000 0.000000
4 1707735351 0.000000 1 0.000000 0.000000 0.000000
1 1707735352 10.000000 1 10.000000 10.000000 10.000000
2 1707735352 0.000000 1 0.000000 0.000000 0.000000
3 1707735352 0.000000 1 0.000000 0.000000 0.000000
4 1707735352 0.000000 1 0.000000 0.000000 0.000000
1 1707735353 10.000000 1 10.000000 10.000000 10.000000
2 1707735353 0.000000 1 0.000000 0.000000 0.000000
3 1707735353 0.000000 1 0.000000 0.000000 0.000000
4 1707735353 0.000000 1 0.000000 0.000000 0.000000
1 1707735354 10.000000 1 10.000000 10.000000 10.000000
2 1707735354 0.000000 1 0.000000 0.000000 0.000000
3 1707735354 0.000000 1 0.000000 0.000000 0.000000
4 1707735354 0.000000 1 0.000000 0.000000 0.000000
1 1707735355 10.000000 1 10.000000 10.000000 10.000000
2 1707735355 0.000000 1 0.000000 0.000000 0.000000
3 1707735355 0.000000 1 0.000000 0.000000 0.000000
4 1707735355 0.000000 1 0.000000 0.000000 0.000000
1 1707735356 10.000000 1 10.000000 10.000000 10.000000
2 1707735356 0.000000 1 0.000000 0.000000 0.000000
3 1707735356 0.000000 1 0.000000 0.000000 0.000000
4 1707735356 0.000000 1 0.000000 0.000000 0.000000
1 1707735357 10.000000 1 10.000000 10.000000 10.000000
2 1707735357 0.000000 1 0.000000 0.000000 0.000000
3 1707735357 0.000000 1 0.000000 0.000000 0.000000
4 1707735357 0.000000 1 0.000000 0.000000 0.000000
1 1707735358 10.000000 1 10.000000 10.000000 10.000000
2 1707735358 0.000000 1 0.000000 0.000000 0.000000
3 1707735358 0.000000 1 0.000000 0.000000 0.000000
4 1707735358 0.000000 1 0.000000 0.000000 0.000000
1 1707735359 10.000000 1 10.000000 10.000000 10.000000
2 1707735359 0.000000 1 0.000000 0.000000 0.000000
3 1707735359 0.000000 1 0.000000 0.000000 0.000000
4 1707735359 0.000000 1 0.000000 0.000000 0.000000
1 1707735360 10.000000 1 10.000000 10.000000 10.000000
2 1707735360 0.000000 1 0.000000 0.000000 0.000000
3 1707735360 0.000000 1 0.000000 0.000000 0.000000
4 1707735360 0.000000 1 0.000000 0.000000 0.000000
1 1707735361 10.000000 1 10.000000 10.000000 10.000000
2 1707735361 0.000000 1 0.000000 0.000000 0.000000
3 1707735361 0.000000 1 0.000000 0.000000 0.000000
4 1707735361 0.000000 1 0.000000 0.000000 0.000000
1 1707735362 10.000000 1 10.000000 10.000000 10.000000
2 1707735362 0.000000 1 0.000000 0.000000 0.000000
3 1707735362 0.000000 1 0.000000 0.000000 0.000000
4 1707735362 0.000000 1 0.000000 0.000000 0.000000
1 1707735363 9.000000 1 9.000000 9.000000 9.000000
2 1707735363 0.000000 1 0.000000 0.000000 0.000000
3 1707735363 1.000000 1 1.000000 1.000000 1.000000
4 1707735363 0.000000 1 0.000000 0.000000 0.000000
1 1707735364 9.000000 1 9.000000 9.000000 9.000000
2 1707735364 0.000000 1 0.000000 0.000000 0.000000
3 1707735364 1.000000 1 1.000000 1.000000 1.000000
4 1707735364 0.000000 1 0.000000 0.000000 0.000000
1 1707735365 9.000000 1 9.000000 9.000000 9.000000
2 1707735365 0.000000 1 0.000000 0.000000 0.000000
3 1707735365 1.000000 1 1.000000 1.000000 1.000000
4 1707735365 0.000000 1 0.000000 0.000000 0.000000
1 1707735366 9.000000 1 9.000000 9.000000 9.000000
2 1707735366 0.000000 1 0.000000 0.000000 0.000000
3 1707735366 1.000000 1 1.000000 1.000000 1.000000
4 1707735366 0.000000 1 0.000000 0.000000 0.000000
1 1707735367 9.000000 1 9.000000 9.000000 9.000000
2 1707735367 0.000000 1 0.000000 0.000000 0.000000
3 1707735367 1.000000 1 1.000000 1.000000 1.000000
4 1707735367 0.000000 1 0.000000 0.000000 0.000000
1 1707735368 9.000000 1 9.000000 9.000000 9.000000
2 1707735368 0.000000 1 0.000000 0.000000 0.000000
3 1707735368 1.000000 1 1.000000 1.000000 1.000000
4 1707735368 0.000000 1 0.000000 0.000000 0.000000
1 1707735369 9.000000 1 9.000000 9.000000 9.000000
2 1707735369 0.000000 1 0.000000 0.000000 0.000000
3 1707735369 1.000000 1 1.000000 1.000000 1.000000
4 1707735369 0.000000 1 0.000000 0.000000 0.000000
1 1707735370 9.000000 1 9.000000 9.000000 9.000000
2 1707735370 0.000000 1 0.000000 0.000000 0.000000
3 1707735370 1.000000 1 1.000000 1.000000 1.000000
4 1707735370 0.000000 1 0.000000 0.000000 0.000000
1 1707735371 8.000000 1 8.000000 8.000000 8.000000
2 1707735371 0.000000 1 0.000000 0.000000 0.000000
3 1707735371 2.000000 1 2.000000 2.000000 2.000000
4 1707735371 0.000000 1 0.000000 0.000000 0.000000
1 1707735372 8.000000 1 8.000000 8.000000 8.000000
2 1707735372 0.000000 1 0.000000 0.000000 0.000000
3 1707735372 2.000000 1 2.000000 2.000000 2.000000
4 1707735372 0.000000 1 0.000000 0.000000 0.000000
1 1707735373 8.000000 1 8.000000 8.000000 8.000000
2 1707735373 0.000000 1 0.000000 0.000000 0.000000
3 1707735373 2.000000 1 2.000000 2.000000 2.000000
4 1707735373 0.000000 1 0.000000 0.000000 0.000000
1 1707735374 8.000000 1 8.000000 8.000000 8.000000
2 1707735374 0.000000 1 0.000000 0.000000 0.000000
3 1707735374 2.000000 1 2.000000 2.000000 2.000000
4 1707735374 0.000000 1 0.000000 0.000000 0.000000
1 1707735375 8.000000 1 8.000000 8.000000 8.000000
2 1707735375 0.000000 1 0.000000 0.000000 0.000000
3 1707735375 2.000000 1 2.000000 2.000000 2.000000
4 1707735375 0.000000 1 0.000000 0.000000 0.000000
1 1707735376 8.000000 1 8.000000 8.000000 8.000000
2 1707735376 0.000000 1 0.000000 0.000000 0.000000
3 1707735376 2.000000 1 2.000000 2.000000 2.000000
4 1707735376 0.000000 1 0.000000 0.000000 0.000000
1 1707735377 8.000000 1 8.000000 8.000000 8.000000
2 1707735377 0.000000 1 0.000000 0.000000 0.000000
3 1707735377 2.000000 1 2.000000 2.000000 2.000000
4 1707735377 0.000000 1 0.000000 0.000000 0.000000
1 1707735378 8.000000 1 8.000000 8.000000 8.000000
2 1707735378 0.000000 1 0.000000 0.000000 0.000000
3 1707735378 2.000000 1 2.000000 2.000000 2.000000
4 1707735378 0.000000 1 0.000000 0.000000 0.000000
1 1707735379 8.000000 1 8.000000 8.000000 8.000000
2 1707735379 0.000000 1 0.000000 0.000000 0.000000
3 1707735379 2.000000 1 2.000000 2.000000 2.000000
4 1707735379 0.000000 1 0.000000 0.000000 0.000000
1 1707735380 8.000000 1 8.000000 8.000000 8.000000
2 1707735380 0.000000 1 0.000000 0.000000 0.000000
3 1707735380 2.000000 1 2.000000 2.000000 2.000000
4 1707735380 0.000000 1 0.000000 0.000000 0.000000
1 1707735381 7.000000 1 7.000000 7.000000 7.000000
2 1707735381 0.000000 1 0.000000 0.000000 0.000000
3 1707735381 3.000000 1 3.000000 3.000000 3.000000
4 1707735381 0.000000 1 0.000000 0.000000 0.000000
1 1707735382 7.000000 1 7.000000 7.000000 7.000000
2 1707735382 0.000000 1 0.000000 0.000000 0.000000
3 1707735382 3.000000 1 3.000000 3.000000 3.000000
4 1707735382 0.000000 1 0.000000 0.000000 0.000000
1 1707735383 7.000000 1 7.000000 7.000000 7.000000
2 1707735383 0.000000 1 0.000000 0.000000 0.000000
3 1707735383 3.000000 1 3.000000 3.000000 3.000000
4 1707735383 0.000000 1 0.000000 0.000000 0.000000
1 1707735384 7.000000 1 7.000000 7.000000 7.000000
2 1707735384 0.000000 1 0.000000 0.000000 0.000000
3 1707735384 3.000000 1 3.000000 3.000000 3.000000
4 1707735384 0.000000 1 0.000000 0.000000 0.000000
1 1707735385 7.000000 1 7.000000 7.000000 7.000000
2 1707735385 0.000000 1 0.000000 0.000000 0.000000
3 1707735385 3.000000 1 3.000000 3.000000 3.000000
4 1707735385 0.000000 1 0.000000 0.000000 0.000000
1 1707735387 7.000000 1 7.000000 7.000000 7.000000
2 1707735387 0.000000 1 0.000000 0.000000 0.000000
3 1707735387 3.000000 1 3.000000 3.000000 3.000000
4 1707735387 0.000000 1 0.000000 0.000000 0.000000
1 1707735388 7.000000 1 7.000000 7.000000 7.000000
2 1707735388 0.000000 1 0.000000 0.000000 0.000000
3 1707735388 3.000000 1 3.000000 3.000000 3.000000
4 1707735388 0.000000 1 0.000000 0.000000 0.000000
1 1707735389 7.000000 1 7.000000 7.000000 7.000000
2 1707735389 0.000000 1 0.000000 0.000000 0.000000
3 1707735389 3.000000 1 3.000000 3.000000 3.000000
4 1707735389 0.000000 1 0.000000 0.000000 0.000000
1 1707735390 7.000000 1 7.000000 7.000000 7.000000
2 1707735390 0.000000 1 0.000000 0.000000 0.000000
3 1707735390 3.000000 1 3.000000 3.000000 3.000000
4 1707735390 0.000000 1 0.000000 0.000000 0.000000
1 1707735391 7.000000 1 7.000000 7.000000 7.000000
2 1707735391 0.000000 1 0.000000 0.000000 0.000000
3 1707735391 3.000000 1 3.000000 3.000000 3.000000
4 1707735391 0.000000 1 0.000000 0.000000 0.000000
1 1707735392 6.000000 1 6.000000 6.000000 6.000000
2 1707735392 0.000000 1 0.000000 0.000000 0.000000
3 1707735392 4.000000 1 4.000000 4.000000 4.000000
4 1707735392 0.000000 1 0.000000 0.000000 0.000000
1 1707735393 6.000000 1 6.000000 6.000000 6.000000
2 1707735393 0.000000 1 0.000000 0.000000 0.000000
3 1707735393 4.000000 1 4.000000 4.000000 4.000000
4 1707735393 0.000000 1 0.000000 0.000000 0.000000
1 1707735394 6.000000 1 6.000000 6.000000 6.000000
2 1707735394 0.000000 1 0.000000 0.000000 0.000000
3 1707735394 4.000000 1 4.000000 4.000000 4.000000
4 1707735394 0.000000 1 0.000000 0.000000 0.000000
1 1707735395 6.000000 1 6.000000 6.000000 6.000000
2 1707735395 0.000000 1 0.000000 0.000000 0.000000
3 1707735395 4.000000 1 4.000000 4.000000 4.000000
4 1707735395 0.000000 1 0.000000 0.000000 0.000000
1 1707735396 6.000000 1 6.000000 6.000000 6.000000
2 1707735396 0.000000 1 0.000000 0.000000 0.000000
3 1707735396 4.000000 1 4.000000 4.000000 4.000000
4 1707735396 0.000000 1 0.000000 0.000000 0.000000
1 1707735397 6.000000 1 6.000000 6.000000 6.000000
2 1707735397 0.000000 1 0.000000 0.000000 0.000000
3 1707735397 4.000000 1 4.000000 4.000000 4.000000
4 1707735397 0.000000 1 0.000000 0.000000 0.000000
1 1707735398 6.000000 1 6.000000 6.000000 6.000000
2 1707735398 0.000000 1 0.000000 0.000000 0.000000
3 1707735398 4.000000 1 4.000000 4.000000 4.000000
4 1707735398 0.000000 1 0.000000 0.000000 0.000000
1 1707735399 6.000000 1 6.000000 6.000000 6.000000
2 1707735399 0.000000 1 0.000000 0.000000 0.000000
3 1707735399 4.000000 1 4.000000 4.000000 4.000000
4 1707735399 0.000000 1 0.000000 0.000000 0.000000
1 1707735400 6.000000 1 6.000000 6.000000 6.000000
2 1707735400 0.000000 1 0.000000 0.000000 0.000000
3 1707735400 4.000000 1 4.000000 4.000000 4.000000
4 1707735400 0.000000 1 0.000000 0.000000 0.000000
1 1707735401 6.000000 1 6.000000 6.000000 6.000000
2 1707735401 0.000000 1 0.000000 0.000000 0.000000
3 1707735401 4.000000 1 4.000000 4.000000 4.000000
4 1707735401 0.000000 1 0.000000 0.000000 0.000000
1 1707735402 5.000000 1 5.000000 5.000000 5.000000
2 1707735402 0.000000 1 0.000000 0.000000 0.000000
3 1707735402 5.000000 1 5.000000 5.000000 5.000000
4 1707735402 0.000000 1 0.000000 0.000000 0.000000
1 1707735403 5.000000 1 5.000000 5.000000 5.000000
2 1707735403 0.000000 1 0.000000 0.000000 0.000000
3 1707735403 5.000000 1 5.000000 5.000000 5.000000
4 1707735403 0.000000 1 0.000000 0.000000 0.000000
1 1707735404 5.000000 1 5.000000 5.000000 5.000000
2 1707735404 0.000000 1 0.000000 0.000000 0.000000
3 1707735404 5.000000 1 5.000000 5.000000 5.000000
4 1707735404 0.000000 1 0.000000 0.000000 0.000000
1 1707735405 5.000000 1 5.000000 5.000000 5.000000
2 1707735405 0.000000 1 0.000000 0.000000 0.000000
3 1707735405 5.000000 1 5.000000 5.000000 5.000000
4 1707735405 0.000000 1 0.000000 0.000000 0.000000
1 1707735406 5.000000 1 5.000000 5.000000 5.000000
2 1707735406 0.000000 1 0.000000 0.000000 0.000000
3 1707735406 5.000000 1 5.000000 5.000000 5.000000
4 1707735406 0.000000 1 0.000000 0.000000 0.000000
1 1707735407 5.000000 1 5.000000 5.000000 5.000000
2 1707735407 0.000000 1 0.000000 0.000000 0.000000
3 1707735407 5.000000 1 5.000000 5.000000 5.000000
4 1707735407 0.000000 1 0.000000 0.000000 0.000000
1 1707735408 5.000000 1 5.000000 5.000000 5.000000
2 1707735408 0.000000 1 0.000000 0.000000 0.000000
3 1707735408 5.000000 1 5.000000 5.000000 5.000000
4 1707735408 0.000000 1 0.000000 0.000000 0.000000
1 1707735409 5.000000 1 5.000000 5.000000 5.000000
2 1707735409 0.000000 1 0.000000 0.000000 0.000000
3 1707735409 5.000000 1 5.000000 5.000000 5.000000
4 1707735409 0.000000 1 0.000000 0.000000 0.000000
1 1707735410 5.000000 1 5.000000 5.000000 5.000000
2 1707735410 0.000000 1 0.000000 0.000000 0.000000
3 1707735410 5.000000 1 5.000000 5.000000 5.000000
4 1707735410 0.000000 1 0.000000 0.000000 0.000000
1 1707735411 5.000000 1 5.000000 5.000000 5.000000
2 1707735411 0.000000 1 0.000000 0.000000 0.000000
3 1707735411 5.000000 1 5.000000 5.000000 5.000000
4 1707735411 0.000000 1 0.000000 0.000000 0.000000
1 1707735412 4.000000 1 4.000000 4.000000 4.000000
2 1707735412 0.000000 1 0.000000 0.000000 0.000000
3 1707735412 6.000000 1 6.000000 6.000000 6.000000
4 1707735412 0.000000 1 0.000000 0.000000 0.000000
1 1707735413 4.000000 1 4.000000 4.000000 4.000000
2 1707735413 0.000000 1 0.000000 0.000000 0.000000
3 1707735413 6.000000 1 6.000000 6.000000 6.000000
4 1707735413 0.000000 1 0.000000 0.000000 0.000000
1 1707735414 4.000000 1 4.000000 4.000000 4.000000
2 1707735414 0.000000 1 0.000000 0.000000 0.000000
3 1707735414 6.000000 1 6.000000 6.000000 6.000000
4 1707735414 0.000000 1 0.000000 0.000000 0.000000
1 1707735415 4.000000 1 4.000000 4.000000 4.000000
2 1707735415 0.000000 1 0.000000 0.000000 0.000000
3 1707735415 6.000000 1 6.000000 6.000000 6.000000
4 1707735415 0.000000 1 0.000000 0.000000 0.000000
1 1707735416 4.000000 1 4.000000 4.000000 4.000000
2 1707735416 0.000000 1 0.000000 0.000000 0.000000
3 1707735416 6.000000 1 6.000000 6.000000 6.000000
4 1707735416 0.000000 1 0.000000 0.000000 0.000000
1 1707735417 4.000000 1 4.000000 4.000000 4.000000
2 1707735417 0.000000 1 0.000000 0.000000 0.000000
3 1707735417 6.000000 1 6.000000 6.000000 6.000000
4 1707735417 0.000000 1 0.000000 0.000000 0.000000
1 1707735418 4.000000 1 4.000000 4.000000 4.000000
2 1707735418 0.000000 1 0.000000 0.000000 0.000000
3 1707735418 6.000000 1 6.000000 6.000000 6.000000
4 1707735418 0.000000 1 0.000000 0.000000 0.000000
1 1707735419 4.000000 1 4.000000 4.000000 4.000000
2 1707735419 0.000000 1 0.000000 0.000000 0.000000
3 1707735419 6.000000 1 6.000000 6.000000 6.000000
4 1707735419 0.000000 1 0.000000 0.000000 0.000000
1 1707735420 4.000000 1 4.000000 4.000000 4.000000
2 1707735420 0.000000 1 0.000000 0.000000 0.000000
3 1707735420 6.000000 1 6.000000 6.000000 6.000000
4 1707735420 0.000000 1 0.000000 0.000000 0.000000
1 1707735421 3.000000 1 3.000000 3.000000 3.000000
2 1707735421 0.000000 1 0.000000 0.000000 0.000000
3 1707735421 7.000000 1 7.000000 7.000000 7.000000
4 1707735421 0.000000 1 0.000000 0.000000 0.000000
1 1707735422 3.000000 1 3.000000 3.000000 3.000000
2 1707735422 0.000000 1 0.000000 0.000000 0.000000
3 1707735422 7.000000 1 7.000000 7.000000 7.000000
4 1707735422 0.000000 1 0.000000 0.000000 0.000000
1 1707735423 3.000000 1 3.000000 3.000000 3.000000
2 1707735423 0.000000 1 0.000000 0.000000 0.000000
3 1707735423 7.000000 1 7.000000 7.000000 7.000000
4 1707735423 0.000000 1 0.000000 0.000000 0.000000
1 1707735424 3.000000 1 3.000000 3.000000 3.000000
2 1707735424 0.000000 1 0.000000 0.000000 0.000000
3 1707735424 7.000000 1 7.000000 7.000000 7.000000
4 1707735424 0.000000 1 0.000000 0.000000 0.000000
1 1707735425 3.000000 1 3.000000 3.000000 3.000000
2 1707735425 0.000000 1 0.000000 0.000000 0.000000
3 1707735425 7.000000 1 7.000000 7.000000 7.000000
4 1707735425 0.000000 1 0.000000 0.000000 0.000000
1 1707735426 3.000000 1 3.000000 3.000000 3.000000
2 1707735426 0.000000 1 0.000000 0.000000 0.000000
3 1707735426 7.000000 1 7.000000 7.000000 7.000000
4 1707735426 0.000000 1 0.000000 0.000000 0.000000
1 1707735427 3.000000 1 3.000000 3.000000 3.000000
2 1707735427 0.000000 1 0.000000 0.000000 0.000000
3 1707735427 7.000000 1 7.000000 7.000000 7.000000
4 1707735427 0.000000 1 0.000000 0.000000 0.000000
1 1707735428 3.000000 1 3.000000 3.000000 3.000000
2 1707735428 0.000000 1 0.000000 0.000000 0.000000
3 1707735428 7.000000 1 7.000000 7.000000 7.000000
4 1707735428 0.000000 1 0.000000 0.000000 0.000000
1 1707735429 3.000000 1 3.000000 3.000000 3.000000
2 1707735429 0.000000 1 0.000000 0.000000 0.000000
3 1707735429 7.000000 1 7.000000 7.000000 7.000000
4 1707735429 0.000000 1 0.000000 0.000000 0.000000
1 1707735430 3.000000 1 3.000000 3.000000 3.000000
2 1707735430 0.000000 1 0.000000 0.000000 0.000000
3 1707735430 7.000000 1 7.000000 7.000000 7.000000
4 1707735430 0.000000 1 0.000000 0.000000 0.000000
1 1707735431 2.000000 1 2.000000 2.000000 2.000000
2 1707735431 0.000000 1 0.000000 0.000000 0.000000
3 1707735431 8.000000 1 8.000000 8.000000 8.000000
4 1707735431 0.000000 1 0.000000 0.000000 0.000000
1 1707735432 2.000000 1 2.000000 2.000000 2.000000
2 1707735432 0.000000 1 0.000000 0.000000 0.000000
3 1707735432 8.000000 1 8.000000 8.000000 8.000000
4 1707735432 0.000000 1 0.000000 0.000000 0.000000
1 1707735433 2.000000 1 2.000000 2.000000 2.000000
2 1707735433 0.000000 1 0.000000 0.000000 0.000000
3 1707735433 8.000000 1 8.000000 8.000000 8.000000
4 1707735433 0.000000 1 0.000000 0.000000 0.000000
1 1707735434 2.000000 1 2.000000 2.000000 2.000000
2 1707735434 0.000000 1 0.000000 0.000000 0.000000
3 1707735434 8.000000 1 8.000000 8.000000 8.000000
4 1707735434 0.000000 1 0.000000 0.000000 0.000000
1 1707735435 2.000000 1 2.000000 2.000000 2.000000
2 1707735435 0.000000 1 0.000000 0.000000 0.000000
3 1707735435 8.000000 1 8.000000 8.000000 8.000000
4 1707735435 0.000000 1 0.000000 0.000000 0.000000
1 1707735436 2.000000 1 2.000000 2.000000 2.000000
2 1707735436 0.000000 1 0.000000 0.000000 0.000000
3 1707735436 8.000000 1 8.000000 8.000000 8.000000
4 1707735436 0.000000 1 0.000000 0.000000 0.000000
1 1707735437 2.000000 1 2.000000 2.000000 2.000000
2 1707735437 0.000000 1 0.000000 0.000000 0.000000
3 1707735437 8.000000 1 8.000000 8.000000 8.000000
4 1707735437 0.000000 1 0.000000 0.000000 0.000000
1 1707735438 2.000000 1 2.000000 2.000000 2.000000
2 1707735438 0.000000 1 0.000000 0.000000 0.000000
3 1707735438 8.000000 1 8.000000 8.000000 8.000000
4 1707735438 0.000000 1 0.000000 0.000000 0.000000
1 1707735439 2.000000 1 2.000000 2.000000 2.000000
2 1707735439 0.000000 1 0.000000 0.000000 0.000000
3 1707735439 8.000000 1 8.000000 8.000000 8.000000
4 1707735439 0.000000 1 0.000000 0.000000 0.000000
1 1707735440 2.000000 1 2.000000 2.000000 2.000000
2 1707735440 0.000000 1 0.000000 0.000000 0.000000
3 1707735440 8.000000 1 8.000000 8.000000 8.000000
4 1707735440 0.000000 1 0.000000 0.000000 0.000000
1 1707735441 1.000000 1 1.000000 1.000000 1.000000
2 1707735441 0.000000 1 0.000000 0.000000 0.000000
3 1707735441 9.000000 1 9.000000 9.000000 9.000000
4 1707735441 0.000000 1 0.000000 0.000000 0.000000
1 1707735442 1.000000 1 1.000000 1.000000 1.000000
2 1707735442 0.000000 1 0.000000 0.000000 0.000000
3 1707735442 9.000000 1 9.000000 9.000000 9.000000
4 1707735442 0.000000 1 0.000000 0.000000 0.000000
1 1707735443 1.000000 1 1.000000 1.000000 1.000000
2 1707735443 0.000000 1 0.000000 0.000000 0.000000
3 1707735443 9.000000 1 9.000000 9.000000 9.000000
4 1707735443 0.000000 1 0.000000 0.000000 0.000000
1 1707735444 1.000000 1 1.000000 1.000000 1.000000
2 1707735444 0.000000 1 0.000000 0.000000 0.000000
3 1707735444 9.000000 1 9.000000 9.000000 9.000000
4 1707735444 0.000000 1 0.000000 0.000000 0.000000
1 1707735445 1.000000 1 1.000000 1.000000 1.000000
2 1707735445 0.000000 1 0.000000 0.000000 0.000000
3 1707735445 9.000000 1 9.000000 9.000000 9.000000
4 1707735445 0.000000 1 0.000000 0.000000 0.000000
1 1707735446 1.000000 1 1.000000 1.000000 1.000000
2 1707735446 0.000000 1 0.000000 0.000000 0.000000
3 1707735446 9.000000 1 9.000000 9.000000 9.000000
4 1707735446 0.000000 1 0.000000 0.000000 0.000000
1 1707735447 1.000000 1 1.000000 1.000000 1.000000
2 1707735447 0.000000 1 0.000000 0.000000 0.000000
3 1707735447 9.000000 1 9.000000 9.000000 9.000000
4 1707735447 0.000000 1 0.000000 0.000000 0.000000
1 1707735448 1.000000 1 1.000000 1.000000 1.000000
2 1707735448 0.000000 1 0.000000 0.000000 0.000000
3 1707735448 9.000000 1 9.000000 9.000000 9.000000
4 1707735448 0.000000 1 0.000000 0.000000 0.000000
1 1707735449 1.000000 1 1.000000 1.000000 1.000000
2 1707735449 0.000000 1 0.000000 0.000000 0.000000
3 1707735449 9.000000 1 9.000000 9.000000 9.000000
4 1707735449 0.000000 1 0.000000 0.000000 0.000000
1 1707735451 1.000000 1 1.000000 1.000000 1.000000
2 1707735451 0.000000 1 0.000000 0.000000 0.000000
3 1707735451 9.000000 1 9.000000 9.000000 9.000000
4 1707735451 0.000000 1 0.000000 0.000000 0.000000
1 1707735452 0.000000 1 0.000000 0.000000 0.000000
2 1707735452 0.000000 1 0.000000 0.000000 0.000000
3 1707735452 10.000000 1 10.000000 10.000000 10.000000
4 1707735452 0.000000 1 0.000000 0.000000 0.000000
