1 1707736810 0.000000 1 0.000000 0.000000 0.000000
2 1707736810 0.000000 1 0.000000 0.000000 0.000000
3 1707736810 0.000000 1 0.000000 0.000000 0.000000
4 1707736810 0.000000 1 0.000000 0.000000 0.000000
1 1707736811 0.000000 1 0.000000 0.000000 0.000000
2 1707736811 0.000000 1 0.000000 0.000000 0.000000
3 1707736811 0.000000 1 0.000000 0.000000 0.000000
4 1707736811 0.000000 1 0.000000 0.000000 0.000000
1 1707736812 0.000000 1 0.000000 0.000000 0.000000
2 1707736812 0.000000 1 0.000000 0.000000 0.000000
3 1707736812 0.000000 1 0.000000 0.000000 0.000000
4 1707736812 0.000000 1 0.000000 0.000000 0.000000
1 1707736813 1.000000 1 1.000000 1.000000 1.000000
2 1707736813 0.000000 1 0.000000 0.000000 0.000000
3 1707736813 0.000000 1 0.000000 0.000000 0.000000
4 1707736813 0.000000 1 0.000000 0.000000 0.000000
1 1707736814 1.000000 1 1.000000 1.000000 1.000000
2 1707736814 0.000000 1 0.000000 0.000000 0.000000
3 1707736814 0.000000 1 0.000000 0.000000 0.000000
4 1707736814 0.000000 1 0.000000 0.000000 0.000000
1 1707736815 1.000000 1 1.000000 1.000000 1.000000
2 1707736815 0.000000 1 0.000000 0.000000 0.000000
3 1707736815 0.000000 1 0.000000 0.000000 0.000000
4 1707736815 0.000000 1 0.000000 0.000000 0.000000
1 1707736816 1.000000 1 1.000000 1.000000 1.000000
2 1707736816 0.000000 1 0.000000 0.000000 0.000000
3 1707736816 0.000000 1 0.000000 0.000000 0.000000
4 1707736816 0.000000 1 0.000000 0.000000 0.000000
1 1707736817 1.000000 1 1.000000 1.000000 1.000000
2 1707736817 0.000000 1 0.000000 0.000000 0.000000
3 1707736817 0.000000 1 0.000000 0.000000 0.000000
4 1707736817 0.000000 1 0.000000 0.000000 0.000000
1 1707736818 1.000000 1 1.000000 1.000000 1.000000
2 1707736818 0.000000 1 0.000000 0.000000 0.000000
3 1707736818 0.000000 1 0.000000 0.000000 0.000000
4 1707736818 0.000000 1 0.000000 0.000000 0.000000
1 1707736819 1.000000 1 1.000000 1.000000 1.000000
2 1707736819 0.000000 1 0.000000 0.000000 0.000000
3 1707736819 0.000000 1 0.000000 0.000000 0.000000
4 1707736819 0.000000 1 0.000000 0.000000 0.000000
1 1707736820 1.000000 1 1.000000 1.000000 1.000000
2 1707736820 0.000000 1 0.000000 0.000000 0.000000
3 1707736820 0.000000 1 0.000000 0.000000 0.000000
4 1707736820 0.000000 1 0.000000 0.000000 0.000000
1 1707736821 1.000000 1 1.000000 1.000000 1.000000
2 1707736821 0.000000 1 0.000000 0.000000 0.000000
3 1707736821 0.000000 1 0.000000 0.000000 0.000000
4 1707736821 0.000000 1 0.000000 0.000000 0.000000
1 1707736822 1.000000 1 1.000000 1.000000 1.000000
2 1707736822 0.000000 1 0.000000 0.000000 0.000000
3 1707736822 0.000000 1 0.000000 0.000000 0.000000
4 1707736822 0.000000 1 0.000000 0.000000 0.000000
1 1707736823 2.000000 1 2.000000 2.000000 2.000000
2 1707736823 0.000000 1 0.000000 0.000000 0.000000
3 1707736823 0.000000 1 0.000000 0.000000 0.000000
4 1707736823 0.000000 1 0.000000 0.000000 0.000000
1 1707736824 2.000000 1 2.000000 2.000000 2.000000
2 1707736824 0.000000 1 0.000000 0.000000 0.000000
3 1707736824 0.000000 1 0.000000 0.000000 0.000000
4 1707736824 0.000000 1 0.000000 0.000000 0.000000
1 1707736825 2.000000 1 2.000000 2.000000 2.000000
2 1707736825 0.000000 1 0.000000 0.000000 0.000000
3 1707736825 0.000000 1 0.000000 0.000000 0.000000
4 1707736825 0.000000 1 0.000000 0.000000 0.000000
1 1707736826 2.000000 1 2.000000 2.000000 2.000000
2 1707736826 0.000000 1 0.000000 0.000000 0.000000
3 1707736826 0.000000 1 0.000000 0.000000 0.000000
4 1707736826 0.000000 1 0.000000 0.000000 0.000000
1 1707736827 2.000000 1 2.000000 2.000000 2.000000
2 1707736827 0.000000 1 0.000000 0.000000 0.000000
3 1707736827 0.000000 1 0.000000 0.000000 0.000000
4 1707736827 0.000000 1 0.000000 0.000000 0.000000
1 1707736828 2.000000 1 2.000000 2.000000 2.000000
2 1707736828 0.000000 1 0.000000 0.000000 0.000000
3 1707736828 0.000000 1 0.000000 0.000000 0.000000
4 1707736828 0.000000 1 0.000000 0.000000 0.000000
1 1707736829 2.000000 1 2.000000 2.000000 2.000000
2 1707736829 0.000000 1 0.000000 0.000000 0.000000
3 1707736829 0.000000 1 0.000000 0.000000 0.000000
4 1707736829 0.000000 1 0.000000 0.000000 0.000000
1 1707736830 2.000000 1 2.000000 2.000000 2.000000
2 1707736830 0.000000 1 0.000000 0.000000 0.000000
3 1707736830 0.000000 1 0.000000 0.000000 0.000000
4 1707736830 0.000000 1 0.000000 0.000000 0.000000
1 1707736831 2.000000 1 2.000000 2.000000 2.000000
2 1707736831 0.000000 1 0.000000 0.000000 0.000000
3 1707736831 0.000000 1 0.000000 0.000000 0.000000
4 1707736831 0.000000 1 0.000000 0.000000 0.000000
1 1707736832 2.000000 1 2.000000 2.000000 2.000000
2 1707736832 0.000000 1 0.000000 0.000000 0.000000
3 1707736832 0.000000 1 0.000000 0.000000 0.000000
4 1707736832 0.000000 1 0.000000 0.000000 0.000000
1 1707736833 3.000000 1 3.000000 3.000000 3.000000
2 1707736833 0.000000 1 0.000000 0.000000 0.000000
3 1707736833 0.000000 1 0.000000 0.000000 0.000000
4 1707736833 0.000000 1 0.000000 0.000000 0.000000
1 1707736834 3.000000 1 3.000000 3.000000 3.000000
2 1707736834 0.000000 1 0.000000 0.000000 0.000000
3 1707736834 0.000000 1 0.000000 0.000000 0.000000
4 1707736834 0.000000 1 0.000000 0.000000 0.000000
1 1707736835 3.000000 1 3.000000 3.000000 3.000000
2 1707736835 0.000000 1 0.000000 0.000000 0.000000
3 1707736835 0.000000 1 0.000000 0.000000 0.000000
4 1707736835 0.000000 1 0.000000 0.000000 0.000000
1 1707736836 3.000000 1 3.000000 3.000000 3.000000
2 1707736836 0.000000 1 0.000000 0.000000 0.000000
3 1707736836 0.000000 1 0.000000 0.000000 0.000000
4 1707736836 0.000000 1 0.000000 0.000000 0.000000
1 1707736837 3.000000 1 3.000000 3.000000 3.000000
2 1707736837 0.000000 1 0.000000 0.000000 0.000000
3 1707736837 0.000000 1 0.000000 0.000000 0.000000
4 1707736837 0.000000 1 0.000000 0.000000 0.000000
1 1707736838 3.000000 1 3.000000 3.000000 3.000000
2 1707736838 0.000000 1 0.000000 0.000000 0.000000
3 1707736838 0.000000 1 0.000000 0.000000 0.000000
4 1707736838 0.000000 1 0.000000 0.000000 0.000000
1 1707736839 3.000000 1 3.000000 3.000000 3.000000
2 1707736839 0.000000 1 0.000000 0.000000 0.000000
3 1707736839 0.000000 1 0.000000 0.000000 0.000000
4 1707736839 0.000000 1 0.000000 0.000000 0.000000
1 1707736840 3.000000 1 3.000000 3.000000 3.000000
2 1707736840 0.000000 1 0.000000 0.000000 0.000000
3 1707736840 0.000000 1 0.000000 0.000000 0.000000
4 1707736840 0.000000 1 0.000000 0.000000 0.000000
1 1707736841 3.000000 1 3.000000 3.000000 3.000000
2 1707736841 0.000000 1 0.000000 0.000000 0.000000
3 1707736841 0.000000 1 0.000000 0.000000 0.000000
4 1707736841 0.000000 1 0.000000 0.000000 0.000000
1 1707736842 4.000000 1 4.000000 4.000000 4.000000
2 1707736842 0.000000 1 0.000000 0.000000 0.000000
3 1707736842 0.000000 1 0.000000 0.000000 0.000000
4 1707736842 0.000000 1 0.000000 0.000000 0.000000
1 1707736843 4.000000 1 4.000000 4.000000 4.000000
2 1707736843 0.000000 1 0.000000 0.000000 0.000000
3 1707736843 0.000000 1 0.000000 0.000000 0.000000
4 1707736843 0.000000 1 0.000000 0.000000 0.000000
1 1707736844 4.000000 1 4.000000 4.000000 4.000000
2 1707736844 0.000000 1 0.000000 0.000000 0.000000
3 1707736844 0.000000 1 0.000000 0.000000 0.000000
4 1707736844 0.000000 1 0.000000 0.000000 0.000000
1 1707736845 4.000000 1 4.000000 4.000000 4.000000
2 1707736845 0.000000 1 0.000000 0.000000 0.000000
3 1707736845 0.000000 1 0.000000 0.000000 0.000000
4 1707736845 0.000000 1 0.000000 0.000000 0.000000
1 1707736846 4.000000 1 4.000000 4.000000 4.000000
2 1707736846 0.000000 1 0.000000 0.000000 0.000000
3 1707736846 0.000000 1 0.000000 0.000000 0.000000
4 1707736846 0.000000 1 0.000000 0.000000 0.000000
1 1707736847 4.000000 1 4.000000 4.000000 4.000000
2 1707736847 0.000000 1 0.000000 0.000000 0.000000
3 1707736847 0.000000 1 0.000000 0.000000 0.000000
4 1707736847 0.000000 1 0.000000 0.000000 0.000000
1 1707736848 4.000000 1 4.000000 4.000000 4.000000
2 1707736848 0.000000 1 0.000000 0.000000 0.000000
3 1707736848 0.000000 1 0.000000 0.000000 0.000000
4 1707736848 0.000000 1 0.000000 0.000000 0.000000
1 1707736849 4.000000 1 4.000000 4.000000 4.000000
2 1707736849 0.000000 1 0.000000 0.000000 0.000000
3 1707736849 0.000000 1 0.000000 0.000000 0.000000
4 1707736849 0.000000 1 0.000000 0.000000 0.000000
1 1707736850 4.000000 1 4.000000 4.000000 4.000000
2 1707736850 0.000000 1 0.000000 0.000000 0.000000
3 1707736850 0.000000 1 0.000000 0.000000 0.000000
4 1707736850 0.000000 1 0.000000 0.000000 0.000000
1 1707736851 4.000000 1 4.000000 4.000000 4.000000
2 1707736851 0.000000 1 0.000000 0.000000 0.000000
3 1707736851 0.000000 1 0.000000 0.000000 0.000000
4 1707736851 0.000000 1 0.000000 0.000000 0.000000
1 1707736852 5.000000 1 5.000000 5.000000 5.000000
2 1707736852 0.000000 1 0.000000 0.000000 0.000000
3 1707736852 0.000000 1 0.000000 0.000000 0.000000
4 1707736852 0.000000 1 0.000000 0.000000 0.000000
1 1707736853 5.000000 1 5.000000 5.000000 5.000000
2 1707736853 0.000000 1 0.000000 0.000000 0.000000
3 1707736853 0.000000 1 0.000000 0.000000 0.000000
4 1707736853 0.000000 1 0.000000 0.000000 0.000000
1 1707736854 5.000000 1 5.000000 5.000000 5.000000
2 1707736854 0.000000 1 0.000000 0.000000 0.000000
3 1707736854 0.000000 1 0.000000 0.000000 0.000000
4 1707736854 0.000000 1 0.000000 0.000000 0.000000
1 1707736855 5.000000 1 5.000000 5.000000 5.000000
2 1707736855 0.000000 1 0.000000 0.000000 0.000000
3 1707736855 0.000000 1 0.000000 0.000000 0.000000
4 1707736855 0.000000 1 0.000000 0.000000 0.000000
1 1707736856 5.000000 1 5.000000 5.000000 5.000000
2 1707736856 0.000000 1 0.000000 0.000000 0.000000
3 1707736856 0.000000 1 0.000000 0.000000 0.000000
4 1707736856 0.000000 1 0.000000 0.000000 0.000000
1 1707736857 5.000000 1 5.000000 5.000000 5.000000
2 1707736857 0.000000 1 0.000000 0.000000 0.000000
3 1707736857 0.000000 1 0.000000 0.000000 0.000000
4 1707736857 0.000000 1 0.000000 0.000000 0.000000
1 1707736858 5.000000 1 5.000000 5.000000 5.000000
2 1707736858 0.000000 1 0.000000 0.000000 0.000000
3 1707736858 0.000000 1 0.000000 0.000000 0.000000
4 1707736858 0.000000 1 0.000000 0.000000 0.000000
1 1707736859 5.000000 1 5.000000 5.000000 5.000000
2 1707736859 0.000000 1 0.000000 0.000000 0.000000
3 1707736859 0.000000 1 0.000000 0.000000 0.000000
4 1707736859 0.000000 1 0.000000 0.000000 0.000000
1 1707736860 5.000000 1 5.000000 5.000000 5.000000
2 1707736860 0.000000 1 0.000000 0.000000 0.000000
3 1707736860 0.000000 1 0.000000 0.000000 0.000000
4 1707736860 0.000000 1 0.000000 0.000000 0.000000
1 1707736861 5.000000 1 5.000000 5.000000 5.000000
2 1707736861 0.000000 1 0.000000 0.000000 0.000000
3 1707736861 0.000000 1 0.000000 0.000000 0.000000
4 1707736861 0.000000 1 0.000000 0.000000 0.000000
1 1707736862 5.000000 1 5.000000 5.000000 5.000000
2 1707736862 0.000000 1 0.000000 0.000000 0.000000
3 1707736862 0.000000 1 0.000000 0.000000 0.000000
4 1707736862 0.000000 1 0.000000 0.000000 0.000000
1 1707736863 5.000000 1 5.000000 5.000000 5.000000
2 1707736863 0.000000 1 0.000000 0.000000 0.000000
3 1707736863 0.000000 1 0.000000 0.000000 0.000000
4 1707736863 0.000000 1 0.000000 0.000000 0.000000
1 1707736864 5.000000 1 5.000000 5.000000 5.000000
2 1707736864 0.000000 1 0.000000 0.000000 0.000000
3 1707736864 0.000000 1 0.000000 0.000000 0.000000
4 1707736864 0.000000 1 0.000000 0.000000 0.000000
1 1707736865 5.000000 1 5.000000 5.000000 5.000000
2 1707736865 0.000000 1 0.000000 0.000000 0.000000
3 1707736865 0.000000 1 0.000000 0.000000 0.000000
4 1707736865 0.000000 1 0.000000 0.000000 0.000000
1 1707736866 5.000000 1 5.000000 5.000000 5.000000
2 1707736866 0.000000 1 0.000000 0.000000 0.000000
3 1707736866 0.000000 1 0.000000 0.000000 0.000000
4 1707736866 0.000000 1 0.000000 0.000000 0.000000
1 1707736867 5.000000 1 5.000000 5.000000 5.000000
2 1707736867 0.000000 1 0.000000 0.000000 0.000000
3 1707736867 0.000000 1 0.000000 0.000000 0.000000
4 1707736867 0.000000 1 0.000000 0.000000 0.000000
1 1707736869 5.000000 1 5.000000 5.000000 5.000000
2 1707736869 0.000000 1 0.000000 0.000000 0.000000
3 1707736869 0.000000 1 0.000000 0.000000 0.000000
4 1707736869 0.000000 1 0.000000 0.000000 0.000000
1 1707736870 5.000000 1 5.000000 5.000000 5.000000
2 1707736870 0.000000 1 0.000000 0.000000 0.000000
3 1707736870 0.000000 1 0.000000 0.000000 0.000000
4 1707736870 0.000000 1 0.000000 0.000000 0.000000
1 1707736871 5.000000 1 5.000000 5.000000 5.000000
2 1707736871 0.000000 1 0.000000 0.000000 0.000000
3 1707736871 0.000000 1 0.000000 0.000000 0.000000
4 1707736871 0.000000 1 0.000000 0.000000 0.000000
1 1707736872 5.000000 1 5.000000 5.000000 5.000000
2 1707736872 0.000000 1 0.000000 0.000000 0.000000
3 1707736872 0.000000 1 0.000000 0.000000 0.000000
4 1707736872 0.000000 1 0.000000 0.000000 0.000000
1 1707736873 5.000000 1 5.000000 5.000000 5.000000
2 1707736873 0.000000 1 0.000000 0.000000 0.000000
3 1707736873 0.000000 1 0.000000 0.000000 0.000000
4 1707736873 0.000000 1 0.000000 0.000000 0.000000
1 1707736874 5.000000 1 5.000000 5.000000 5.000000
2 1707736874 0.000000 1 0.000000 0.000000 0.000000
3 1707736874 0.000000 1 0.000000 0.000000 0.000000
4 1707736874 0.000000 1 0.000000 0.000000 0.000000
1 1707736875 5.000000 1 5.000000 5.000000 5.000000
2 1707736875 0.000000 1 0.000000 0.000000 0.000000
3 1707736875 0.000000 1 0.000000 0.000000 0.000000
4 1707736875 0.000000 1 0.000000 0.000000 0.000000
1 1707736876 5.000000 1 5.000000 5.000000 5.000000
2 1707736876 0.000000 1 0.000000 0.000000 0.000000
3 1707736876 0.000000 1 0.000000 0.000000 0.000000
4 1707736876 0.000000 1 0.000000 0.000000 0.000000
1 1707736877 5.000000 1 5.000000 5.000000 5.000000
2 1707736877 0.000000 1 0.000000 0.000000 0.000000
3 1707736877 0.000000 1 0.000000 0.000000 0.000000
4 1707736877 0.000000 1 0.000000 0.000000 0.000000
1 1707736878 5.000000 1 5.000000 5.000000 5.000000
2 1707736878 0.000000 1 0.000000 0.000000 0.000000
3 1707736878 0.000000 1 0.000000 0.000000 0.000000
4 1707736878 0.000000 1 0.000000 0.000000 0.000000
1 1707736879 5.000000 1 5.000000 5.000000 5.000000
2 1707736879 0.000000 1 0.000000 0.000000 0.000000
3 1707736879 0.000000 1 0.000000 0.000000 0.000000
4 1707736879 0.000000 1 0.000000 0.000000 0.000000
1 1707736880 5.000000 1 5.000000 5.000000 5.000000
2 1707736880 0.000000 1 0.000000 0.000000 0.000000
3 1707736880 0.000000 1 0.000000 0.000000 0.000000
4 1707736880 0.000000 1 0.000000 0.000000 0.000000
1 1707736881 5.000000 1 5.000000 5.000000 5.000000
2 1707736881 0.000000 1 0.000000 0.000000 0.000000
3 1707736881 0.000000 1 0.000000 0.000000 0.000000
4 1707736881 0.000000 1 0.000000 0.000000 0.000000
1 1707736882 5.000000 1 5.000000 5.000000 5.000000
2 1707736882 0.000000 1 0.000000 0.000000 0.000000
3 1707736882 0.000000 1 0.000000 0.000000 0.000000
4 1707736882 0.000000 1 0.000000 0.000000 0.000000
1 1707736883 5.000000 1 5.000000 5.000000 5.000000
2 1707736883 0.000000 1 0.000000 0.000000 0.000000
3 1707736883 0.000000 1 0.000000 0.000000 0.000000
4 1707736883 0.000000 1 0.000000 0.000000 0.000000
1 1707736884 5.000000 1 5.000000 5.000000 5.000000
2 1707736884 0.000000 1 0.000000 0.000000 0.000000
3 1707736884 0.000000 1 0.000000 0.000000 0.000000
4 1707736884 0.000000 1 0.000000 0.000000 0.000000
1 1707736885 5.000000 1 5.000000 5.000000 5.000000
2 1707736885 0.000000 1 0.000000 0.000000 0.000000
3 1707736885 0.000000 1 0.000000 0.000000 0.000000
4 1707736885 0.000000 1 0.000000 0.000000 0.000000
1 1707736886 5.000000 1 5.000000 5.000000 5.000000
2 1707736886 0.000000 1 0.000000 0.000000 0.000000
3 1707736886 0.000000 1 0.000000 0.000000 0.000000
4 1707736886 0.000000 1 0.000000 0.000000 0.000000
1 1707736887 5.000000 1 5.000000 5.000000 5.000000
2 1707736887 0.000000 1 0.000000 0.000000 0.000000
3 1707736887 0.000000 1 0.000000 0.000000 0.000000
4 1707736887 0.000000 1 0.000000 0.000000 0.000000
1 1707736888 5.000000 1 5.000000 5.000000 5.000000
2 1707736888 0.000000 1 0.000000 0.000000 0.000000
3 1707736888 0.000000 1 0.000000 0.000000 0.000000
4 1707736888 0.000000 1 0.000000 0.000000 0.000000
1 1707736889 5.000000 1 5.000000 5.000000 5.000000
2 1707736889 0.000000 1 0.000000 0.000000 0.000000
3 1707736889 0.000000 1 0.000000 0.000000 0.000000
4 1707736889 0.000000 1 0.000000 0.000000 0.000000
1 1707736890 5.000000 1 5.000000 5.000000 5.000000
2 1707736890 0.000000 1 0.000000 0.000000 0.000000
3 1707736890 0.000000 1 0.000000 0.000000 0.000000
4 1707736890 0.000000 1 0.000000 0.000000 0.000000
1 1707736891 5.000000 1 5.000000 5.000000 5.000000
2 1707736891 0.000000 1 0.000000 0.000000 0.000000
3 1707736891 0.000000 1 0.000000 0.000000 0.000000
4 1707736891 0.000000 1 0.000000 0.000000 0.000000
1 1707736892 5.000000 1 5.000000 5.000000 5.000000
2 1707736892 0.000000 1 0.000000 0.000000 0.000000
3 1707736892 0.000000 1 0.000000 0.000000 0.000000
4 1707736892 0.000000 1 0.000000 0.000000 0.000000
1 1707736893 5.000000 1 5.000000 5.000000 5.000000
2 1707736893 0.000000 1 0.000000 0.000000 0.000000
3 1707736893 0.000000 1 0.000000 0.000000 0.000000
4 1707736893 0.000000 1 0.000000 0.000000 0.000000
1 1707736894 5.000000 1 5.000000 5.000000 5.000000
2 1707736894 0.000000 1 0.000000 0.000000 0.000000
3 1707736894 0.000000 1 0.000000 0.000000 0.000000
4 1707736894 0.000000 1 0.000000 0.000000 0.000000
1 1707736895 5.000000 1 5.000000 5.000000 5.000000
2 1707736895 0.000000 1 0.000000 0.000000 0.000000
3 1707736895 0.000000 1 0.000000 0.000000 0.000000
4 1707736895 0.000000 1 0.000000 0.000000 0.000000
1 1707736896 5.000000 1 5.000000 5.000000 5.000000
2 1707736896 0.000000 1 0.000000 0.000000 0.000000
3 1707736896 0.000000 1 0.000000 0.000000 0.000000
4 1707736896 0.000000 1 0.000000 0.000000 0.000000
1 1707736897 5.000000 1 5.000000 5.000000 5.000000
2 1707736897 0.000000 1 0.000000 0.000000 0.000000
3 1707736897 0.000000 1 0.000000 0.000000 0.000000
4 1707736897 0.000000 1 0.000000 0.000000 0.000000
1 1707736898 5.000000 1 5.000000 5.000000 5.000000
2 1707736898 0.000000 1 0.000000 0.000000 0.000000
3 1707736898 0.000000 1 0.000000 0.000000 0.000000
4 1707736898 0.000000 1 0.000000 0.000000 0.000000
1 1707736899 5.000000 1 5.000000 5.000000 5.000000
2 1707736899 0.000000 1 0.000000 0.000000 0.000000
3 1707736899 0.000000 1 0.000000 0.000000 0.000000
4 1707736899 0.000000 1 0.000000 0.000000 0.000000
1 1707736900 5.000000 1 5.000000 5.000000 5.000000
2 1707736900 0.000000 1 0.000000 0.000000 0.000000
3 1707736900 0.000000 1 0.000000 0.000000 0.000000
4 1707736900 0.000000 1 0.000000 0.000000 0.000000
1 1707736901 5.000000 1 5.000000 5.000000 5.000000
2 1707736901 0.000000 1 0.000000 0.000000 0.000000
3 1707736901 0.000000 1 0.000000 0.000000 0.000000
4 1707736901 0.000000 1 0.000000 0.000000 0.000000
1 1707736902 5.000000 1 5.000000 5.000000 5.000000
2 1707736902 0.000000 1 0.000000 0.000000 0.000000
3 1707736902 0.000000 1 0.000000 0.000000 0.000000
4 1707736902 0.000000 1 0.000000 0.000000 0.000000
1 1707736903 5.000000 1 5.000000 5.000000 5.000000
2 1707736903 0.000000 1 0.000000 0.000000 0.000000
3 1707736903 0.000000 1 0.000000 0.000000 0.000000
4 1707736903 0.000000 1 0.000000 0.000000 0.000000
1 1707736904 5.000000 1 5.000000 5.000000 5.000000
2 1707736904 0.000000 1 0.000000 0.000000 0.000000
3 1707736904 0.000000 1 0.000000 0.000000 0.000000
4 1707736904 0.000000 1 0.000000 0.000000 0.000000
1 1707736905 5.000000 1 5.000000 5.000000 5.000000
2 1707736905 0.000000 1 0.000000 0.000000 0.000000
3 1707736905 0.000000 1 0.000000 0.000000 0.000000
4 1707736905 0.000000 1 0.000000 0.000000 0.000000
1 1707736906 5.000000 1 5.000000 5.000000 5.000000
2 1707736906 0.000000 1 0.000000 0.000000 0.000000
3 1707736906 0.000000 1 0.000000 0.000000 0.000000
4 1707736906 0.000000 1 0.000000 0.000000 0.000000
1 1707736907 5.000000 1 5.000000 5.000000 5.000000
2 1707736907 0.000000 1 0.000000 0.000000 0.000000
3 1707736907 0.000000 1 0.000000 0.000000 0.000000
4 1707736907 0.000000 1 0.000000 0.000000 0.000000
1 1707736908 5.000000 1 5.000000 5.000000 5.000000
2 1707736908 0.000000 1 0.000000 0.000000 0.000000
3 1707736908 0.000000 1 0.000000 0.000000 0.000000
4 1707736908 0.000000 1 0.000000 0.000000 0.000000
1 1707736909 5.000000 1 5.000000 5.000000 5.000000
2 1707736909 0.000000 1 0.000000 0.000000 0.000000
3 1707736909 0.000000 1 0.000000 0.000000 0.000000
4 1707736909 0.000000 1 0.000000 0.000000 0.000000
1 1707736910 5.000000 1 5.000000 5.000000 5.000000
2 1707736910 0.000000 1 0.000000 0.000000 0.000000
3 1707736910 0.000000 1 0.000000 0.000000 0.000000
4 1707736910 0.000000 1 0.000000 0.000000 0.000000
1 1707736911 5.000000 1 5.000000 5.000000 5.000000
2 1707736911 0.000000 1 0.000000 0.000000 0.000000
3 1707736911 0.000000 1 0.000000 0.000000 0.000000
4 1707736911 0.000000 1 0.000000 0.000000 0.000000
1 1707736912 5.000000 1 5.000000 5.000000 5.000000
2 1707736912 0.000000 1 0.000000 0.000000 0.000000
3 1707736912 0.000000 1 0.000000 0.000000 0.000000
4 1707736912 0.000000 1 0.000000 0.000000 0.000000
1 1707736913 5.000000 1 5.000000 5.000000 5.000000
2 1707736913 0.000000 1 0.000000 0.000000 0.000000
3 1707736913 0.000000 1 0.000000 0.000000 0.000000
4 1707736913 0.000000 1 0.000000 0.000000 0.000000
1 1707736914 5.000000 1 5.000000 5.000000 5.000000
2 1707736914 0.000000 1 0.000000 0.000000 0.000000
3 1707736914 0.000000 1 0.000000 0.000000 0.000000
4 1707736914 0.000000 1 0.000000 0.000000 0.000000
1 1707736915 5.000000 1 5.000000 5.000000 5.000000
2 1707736915 0.000000 1 0.000000 0.000000 0.000000
3 1707736915 0.000000 1 0.000000 0.000000 0.000000
4 1707736915 0.000000 1 0.000000 0.000000 0.000000
1 1707736916 5.000000 1 5.000000 5.000000 5.000000
2 1707736916 0.000000 1 0.000000 0.000000 0.000000
3 1707736916 0.000000 1 0.000000 0.000000 0.000000
4 1707736916 0.000000 1 0.000000 0.000000 0.000000
1 1707736917 5.000000 1 5.000000 5.000000 5.000000
2 1707736917 0.000000 1 0.000000 0.000000 0.000000
3 1707736917 0.000000 1 0.000000 0.000000 0.000000
4 1707736917 0.000000 1 0.000000 0.000000 0.000000
1 1707736918 5.000000 1 5.000000 5.000000 5.000000
2 1707736918 0.000000 1 0.000000 0.000000 0.000000
3 1707736918 0.000000 1 0.000000 0.000000 0.000000
4 1707736918 0.000000 1 0.000000 0.000000 0.000000
1 1707736919 5.000000 1 5.000000 5.000000 5.000000
2 1707736919 0.000000 1 0.000000 0.000000 0.000000
3 1707736919 0.000000 1 0.000000 0.000000 0.000000
4 1707736919 0.000000 1 0.000000 0.000000 0.000000
1 1707736920 5.000000 1 5.000000 5.000000 5.000000
2 1707736920 0.000000 1 0.000000 0.000000 0.000000
3 1707736920 0.000000 1 0.000000 0.000000 0.000000
4 1707736920 0.000000 1 0.000000 0.000000 0.000000
1 1707736921 5.000000 1 5.000000 5.000000 5.000000
2 1707736921 0.000000 1 0.000000 0.000000 0.000000
3 1707736921 0.000000 1 0.000000 0.000000 0.000000
4 1707736921 0.000000 1 0.000000 0.000000 0.000000
1 1707736922 5.000000 1 5.000000 5.000000 5.000000
2 1707736922 0.000000 1 0.000000 0.000000 0.000000
3 1707736922 0.000000 1 0.000000 0.000000 0.000000
4 1707736922 0.000000 1 0.000000 0.000000 0.000000
1 1707736923 5.000000 1 5.000000 5.000000 5.000000
2 1707736923 0.000000 1 0.000000 0.000000 0.000000
3 1707736923 0.000000 1 0.000000 0.000000 0.000000
4 1707736923 0.000000 1 0.000000 0.000000 0.000000
1 1707736924 5.000000 1 5.000000 5.000000 5.000000
2 1707736924 0.000000 1 0.000000 0.000000 0.000000
3 1707736924 0.000000 1 0.000000 0.000000 0.000000
4 1707736924 0.000000 1 0.000000 0.000000 0.000000
1 1707736925 5.000000 1 5.000000 5.000000 5.000000
2 1707736925 0.000000 1 0.000000 0.000000 0.000000
3 1707736925 0.000000 1 0.000000 0.000000 0.000000
4 1707736925 0.000000 1 0.000000 0.000000 0.000000
1 1707736926 5.000000 1 5.000000 5.000000 5.000000
2 1707736926 0.000000 1 0.000000 0.000000 0.000000
3 1707736926 0.000000 1 0.000000 0.000000 0.000000
4 1707736926 0.000000 1 0.000000 0.000000 0.000000
1 1707736927 5.000000 1 5.000000 5.000000 5.000000
2 1707736927 0.000000 1 0.000000 0.000000 0.000000
3 1707736927 0.000000 1 0.000000 0.000000 0.000000
4 1707736927 0.000000 1 0.000000 0.000000 0.000000
1 1707736928 5.000000 1 5.000000 5.000000 5.000000
2 1707736928 0.000000 1 0.000000 0.000000 0.000000
3 1707736928 0.000000 1 0.000000 0.000000 0.000000
4 1707736928 0.000000 1 0.000000 0.000000 0.000000
1 1707736929 5.000000 1 5.000000 5.000000 5.000000
2 1707736929 0.000000 1 0.000000 0.000000 0.000000
3 1707736929 0.000000 1 0.000000 0.000000 0.000000
4 1707736929 0.000000 1 0.000000 0.000000 0.000000
1 1707736930 5.000000 1 5.000000 5.000000 5.000000
2 1707736930 0.000000 1 0.000000 0.000000 0.000000
3 1707736930 0.000000 1 0.000000 0.000000 0.000000
4 1707736930 0.000000 1 0.000000 0.000000 0.000000
1 1707736931 5.000000 1 5.000000 5.000000 5.000000
2 1707736931 0.000000 1 0.000000 0.000000 0.000000
3 1707736931 0.000000 1 0.000000 0.000000 0.000000
4 1707736931 0.000000 1 0.000000 0.000000 0.000000
1 1707736932 5.000000 1 5.000000 5.000000 5.000000
2 1707736932 0.000000 1 0.000000 0.000000 0.000000
3 1707736932 0.000000 1 0.000000 0.000000 0.000000
4 1707736932 0.000000 1 0.000000 0.000000 0.000000
1 1707736933 5.000000 1 5.000000 5.000000 5.000000
2 1707736933 0.000000 1 0.000000 0.000000 0.000000
3 1707736933 0.000000 1 0.000000 0.000000 0.000000
4 1707736933 0.000000 1 0.000000 0.000000 0.000000
1 1707736935 5.000000 1 5.000000 5.000000 5.000000
2 1707736935 0.000000 1 0.000000 0.000000 0.000000
3 1707736935 0.000000 1 0.000000 0.000000 0.000000
4 1707736935 0.000000 1 0.000000 0.000000 0.000000
1 1707736936 5.000000 1 5.000000 5.000000 5.000000
2 1707736936 0.000000 1 0.000000 0.000000 0.000000
3 1707736936 0.000000 1 0.000000 0.000000 0.000000
4 1707736936 0.000000 1 0.000000 0.000000 0.000000
1 1707736937 5.000000 1 5.000000 5.000000 5.000000
2 1707736937 0.000000 1 0.000000 0.000000 0.000000
3 1707736937 0.000000 1 0.000000 0.000000 0.000000
4 1707736937 0.000000 1 0.000000 0.000000 0.000000
1 1707736938 5.000000 1 5.000000 5.000000 5.000000
2 1707736938 0.000000 1 0.000000 0.000000 0.000000
3 1707736938 0.000000 1 0.000000 0.000000 0.000000
4 1707736938 0.000000 1 0.000000 0.000000 0.000000
1 1707736939 5.000000 1 5.000000 5.000000 5.000000
2 1707736939 0.000000 1 0.000000 0.000000 0.000000
3 1707736939 0.000000 1 0.000000 0.000000 0.000000
4 1707736939 0.000000 1 0.000000 0.000000 0.000000
1 1707736940 5.000000 1 5.000000 5.000000 5.000000
2 1707736940 0.000000 1 0.000000 0.000000 0.000000
3 1707736940 0.000000 1 0.000000 0.000000 0.000000
4 1707736940 0.000000 1 0.000000 0.000000 0.000000
1 1707736941 5.000000 1 5.000000 5.000000 5.000000
2 1707736941 0.000000 1 0.000000 0.000000 0.000000
3 1707736941 0.000000 1 0.000000 0.000000 0.000000
4 1707736941 0.000000 1 0.000000 0.000000 0.000000
1 1707736942 5.000000 1 5.000000 5.000000 5.000000
2 1707736942 0.000000 1 0.000000 0.000000 0.000000
3 1707736942 0.000000 1 0.000000 0.000000 0.000000
4 1707736942 0.000000 1 0.000000 0.000000 0.000000
1 1707736943 5.000000 1 5.000000 5.000000 5.000000
2 1707736943 0.000000 1 0.000000 0.000000 0.000000
3 1707736943 0.000000 1 0.000000 0.000000 0.000000
4 1707736943 0.000000 1 0.000000 0.000000 0.000000
1 1707736944 5.000000 1 5.000000 5.000000 5.000000
2 1707736944 0.000000 1 0.000000 0.000000 0.000000
3 1707736944 0.000000 1 0.000000 0.000000 0.000000
4 1707736944 0.000000 1 0.000000 0.000000 0.000000
1 1707736945 5.000000 1 5.000000 5.000000 5.000000
2 1707736945 0.000000 1 0.000000 0.000000 0.000000
3 1707736945 0.000000 1 0.000000 0.000000 0.000000
4 1707736945 0.000000 1 0.000000 0.000000 0.000000
1 1707736946 5.000000 1 5.000000 5.000000 5.000000
2 1707736946 0.000000 1 0.000000 0.000000 0.000000
3 1707736946 0.000000 1 0.000000 0.000000 0.000000
4 1707736946 0.000000 1 0.000000 0.000000 0.000000
1 1707736947 5.000000 1 5.000000 5.000000 5.000000
2 1707736947 0.000000 1 0.000000 0.000000 0.000000
3 1707736947 0.000000 1 0.000000 0.000000 0.000000
4 1707736947 0.000000 1 0.000000 0.000000 0.000000
1 1707736948 5.000000 1 5.000000 5.000000 5.000000
2 1707736948 0.000000 1 0.000000 0.000000 0.000000
3 1707736948 0.000000 1 0.000000 0.000000 0.000000
4 1707736948 0.000000 1 0.000000 0.000000 0.000000
1 1707736949 5.000000 1 5.000000 5.000000 5.000000
2 1707736949 0.000000 1 0.000000 0.000000 0.000000
3 1707736949 0.000000 1 0.000000 0.000000 0.000000
4 1707736949 0.000000 1 0.000000 0.000000 0.000000
1 1707736950 5.000000 1 5.000000 5.000000 5.000000
2 1707736950 0.000000 1 0.000000 0.000000 0.000000
3 1707736950 0.000000 1 0.000000 0.000000 0.000000
4 1707736950 0.000000 1 0.000000 0.000000 0.000000
1 1707736951 5.000000 1 5.000000 5.000000 5.000000
2 1707736951 0.000000 1 0.000000 0.000000 0.000000
3 1707736951 0.000000 1 0.000000 0.000000 0.000000
4 1707736951 0.000000 1 0.000000 0.000000 0.000000
1 1707736952 5.000000 1 5.000000 5.000000 5.000000
2 1707736952 0.000000 1 0.000000 0.000000 0.000000
3 1707736952 0.000000 1 0.000000 0.000000 0.000000
4 1707736952 0.000000 1 0.000000 0.000000 0.000000
1 1707736953 5.000000 1 5.000000 5.000000 5.000000
2 1707736953 0.000000 1 0.000000 0.000000 0.000000
3 1707736953 0.000000 1 0.000000 0.000000 0.000000
4 1707736953 0.000000 1 0.000000 0.000000 0.000000
1 1707736954 5.000000 1 5.000000 5.000000 5.000000
2 1707736954 0.000000 1 0.000000 0.000000 0.000000
3 1707736954 0.000000 1 0.000000 0.000000 0.000000
4 1707736954 0.000000 1 0.000000 0.000000 0.000000
1 1707736955 5.000000 1 5.000000 5.000000 5.000000
2 1707736955 0.000000 1 0.000000 0.000000 0.000000
3 1707736955 0.000000 1 0.000000 0.000000 0.000000
4 1707736955 0.000000 1 0.000000 0.000000 0.000000
1 1707736956 5.000000 1 5.000000 5.000000 5.000000
2 1707736956 0.000000 1 0.000000 0.000000 0.000000
3 1707736956 0.000000 1 0.000000 0.000000 0.000000
4 1707736956 0.000000 1 0.000000 0.000000 0.000000
1 1707736957 5.000000 1 5.000000 5.000000 5.000000
2 1707736957 0.000000 1 0.000000 0.000000 0.000000
3 1707736957 0.000000 1 0.000000 0.000000 0.000000
4 1707736957 0.000000 1 0.000000 0.000000 0.000000
1 1707736958 5.000000 1 5.000000 5.000000 5.000000
2 1707736958 0.000000 1 0.000000 0.000000 0.000000
3 1707736958 0.000000 1 0.000000 0.000000 0.000000
4 1707736958 0.000000 1 0.000000 0.000000 0.000000
1 1707736959 5.000000 1 5.000000 5.000000 5.000000
2 1707736959 0.000000 1 0.000000 0.000000 0.000000
3 1707736959 0.000000 1 0.000000 0.000000 0.000000
4 1707736959 0.000000 1 0.000000 0.000000 0.000000
1 1707736960 5.000000 1 5.000000 5.000000 5.000000
2 1707736960 0.000000 1 0.000000 0.000000 0.000000
3 1707736960 0.000000 1 0.000000 0.000000 0.000000
4 1707736960 0.000000 1 0.000000 0.000000 0.000000
1 1707736961 5.000000 1 5.000000 5.000000 5.000000
2 1707736961 0.000000 1 0.000000 0.000000 0.000000
3 1707736961 0.000000 1 0.000000 0.000000 0.000000
4 1707736961 0.000000 1 0.000000 0.000000 0.000000
1 1707736962 5.000000 1 5.000000 5.000000 5.000000
2 1707736962 0.000000 1 0.000000 0.000000 0.000000
3 1707736962 0.000000 1 0.000000 0.000000 0.000000
4 1707736962 0.000000 1 0.000000 0.000000 0.000000
1 1707736963 5.000000 1 5.000000 5.000000 5.000000
2 1707736963 0.000000 1 0.000000 0.000000 0.000000
3 1707736963 0.000000 1 0.000000 0.000000 0.000000
4 1707736963 0.000000 1 0.000000 0.000000 0.000000
1 1707736964 5.000000 1 5.000000 5.000000 5.000000
2 1707736964 0.000000 1 0.000000 0.000000 0.000000
3 1707736964 0.000000 1 0.000000 0.000000 0.000000
4 1707736964 0.000000 1 0.000000 0.000000 0.000000
1 1707736965 5.000000 1 5.000000 5.000000 5.000000
2 1707736965 0.000000 1 0.000000 0.000000 0.000000
3 1707736965 0.000000 1 0.000000 0.000000 0.000000
4 1707736965 0.000000 1 0.000000 0.000000 0.000000
1 1707736966 5.000000 1 5.000000 5.000000 5.000000
2 1707736966 0.000000 1 0.000000 0.000000 0.000000
3 1707736966 0.000000 1 0.000000 0.000000 0.000000
4 1707736966 0.000000 1 0.000000 0.000000 0.000000
1 1707736967 5.000000 1 5.000000 5.000000 5.000000
2 1707736967 0.000000 1 0.000000 0.000000 0.000000
3 1707736967 0.000000 1 0.000000 0.000000 0.000000
4 1707736967 0.000000 1 0.000000 0.000000 0.000000
1 1707736968 5.000000 1 5.000000 5.000000 5.000000
2 1707736968 0.000000 1 0.000000 0.000000 0.000000
3 1707736968 0.000000 1 0.000000 0.000000 0.000000
4 1707736968 0.000000 1 0.000000 0.000000 0.000000
1 1707736969 5.000000 1 5.000000 5.000000 5.000000
2 1707736969 0.000000 1 0.000000 0.000000 0.000000
3 1707736969 0.000000 1 0.000000 0.000000 0.000000
4 1707736969 0.000000 1 0.000000 0.000000 0.000000
1 1707736970 5.000000 1 5.000000 5.000000 5.000000
2 1707736970 0.000000 1 0.000000 0.000000 0.000000
3 1707736970 0.000000 1 0.000000 0.000000 0.000000
4 1707736970 0.000000 1 0.000000 0.000000 0.000000
1 1707736971 5.000000 1 5.000000 5.000000 5.000000
2 1707736971 0.000000 1 0.000000 0.000000 0.000000
3 1707736971 0.000000 1 0.000000 0.000000 0.000000
4 1707736971 0.000000 1 0.000000 0.000000 0.000000
1 1707736972 5.000000 1 5.000000 5.000000 5.000000
2 1707736972 0.000000 1 0.000000 0.000000 0.000000
3 1707736972 0.000000 1 0.000000 0.000000 0.000000
4 1707736972 0.000000 1 0.000000 0.000000 0.000000
1 1707736973 5.000000 1 5.000000 5.000000 5.000000
2 1707736973 0.000000 1 0.000000 0.000000 0.000000
3 1707736973 0.000000 1 0.000000 0.000000 0.000000
4 1707736973 0.000000 1 0.000000 0.000000 0.000000
1 1707736974 5.000000 1 5.000000 5.000000 5.000000
2 1707736974 0.000000 1 0.000000 0.000000 0.000000
3 1707736974 0.000000 1 0.000000 0.000000 0.000000
4 1707736974 0.000000 1 0.000000 0.000000 0.000000
1 1707736975 5.000000 1 5.000000 5.000000 5.000000
2 1707736975 0.000000 1 0.000000 0.000000 0.000000
3 1707736975 0.000000 1 0.000000 0.000000 0.000000
4 1707736975 0.000000 1 0.000000 0.000000 0.000000
1 1707736976 5.000000 1 5.000000 5.000000 5.000000
2 1707736976 0.000000 1 0.000000 0.000000 0.000000
3 1707736976 0.000000 1 0.000000 0.000000 0.000000
4 1707736976 0.000000 1 0.000000 0.000000 0.000000
1 1707736977 5.000000 1 5.000000 5.000000 5.000000
2 1707736977 0.000000 1 0.000000 0.000000 0.000000
3 1707736977 0.000000 1 0.000000 0.000000 0.000000
4 1707736977 0.000000 1 0.000000 0.000000 0.000000
1 1707736978 5.000000 1 5.000000 5.000000 5.000000
2 1707736978 0.000000 1 0.000000 0.000000 0.000000
3 1707736978 0.000000 1 0.000000 0.000000 0.000000
4 1707736978 0.000000 1 0.000000 0.000000 0.000000
1 1707736979 5.000000 1 5.000000 5.000000 5.000000
2 1707736979 0.000000 1 0.000000 0.000000 0.000000
3 1707736979 0.000000 1 0.000000 0.000000 0.000000
4 1707736979 0.000000 1 0.000000 0.000000 0.000000
1 1707736980 5.000000 1 5.000000 5.000000 5.000000
2 1707736980 0.000000 1 0.000000 0.000000 0.000000
3 1707736980 0.000000 1 0.000000 0.000000 0.000000
4 1707736980 0.000000 1 0.000000 0.000000 0.000000
1 1707736981 5.000000 1 5.000000 5.000000 5.000000
2 1707736981 0.000000 1 0.000000 0.000000 0.000000
3 1707736981 0.000000 1 0.000000 0.000000 0.000000
4 1707736981 0.000000 1 0.000000 0.000000 0.000000
1 1707736982 5.000000 1 5.000000 5.000000 5.000000
2 1707736982 0.000000 1 0.000000 0.000000 0.000000
3 1707736982 0.000000 1 0.000000 0.000000 0.000000
4 1707736982 0.000000 1 0.000000 0.000000 0.000000
1 1707736983 5.000000 1 5.000000 5.000000 5.000000
2 1707736983 0.000000 1 0.000000 0.000000 0.000000
3 1707736983 0.000000 1 0.000000 0.000000 0.000000
4 1707736983 0.000000 1 0.000000 0.000000 0.000000
1 1707736984 5.000000 1 5.000000 5.000000 5.000000
2 1707736984 0.000000 1 0.000000 0.000000 0.000000
3 1707736984 0.000000 1 0.000000 0.000000 0.000000
4 1707736984 0.000000 1 0.000000 0.000000 0.000000
1 1707736985 5.000000 1 5.000000 5.000000 5.000000
2 1707736985 0.000000 1 0.000000 0.000000 0.000000
3 1707736985 0.000000 1 0.000000 0.000000 0.000000
4 1707736985 0.000000 1 0.000000 0.000000 0.000000
1 1707736986 5.000000 1 5.000000 5.000000 5.000000
2 1707736986 0.000000 1 0.000000 0.000000 0.000000
3 1707736986 0.000000 1 0.000000 0.000000 0.000000
4 1707736986 0.000000 1 0.000000 0.000000 0.000000
1 1707736987 5.000000 1 5.000000 5.000000 5.000000
2 1707736987 0.000000 1 0.000000 0.000000 0.000000
3 1707736987 0.000000 1 0.000000 0.000000 0.000000
4 1707736987 0.000000 1 0.000000 0.000000 0.000000
1 1707736988 5.000000 1 5.000000 5.000000 5.000000
2 1707736988 0.000000 1 0.000000 0.000000 0.000000
3 1707736988 0.000000 1 0.000000 0.000000 0.000000
4 1707736988 0.000000 1 0.000000 0.000000 0.000000
1 1707736989 5.000000 1 5.000000 5.000000 5.000000
2 1707736989 0.000000 1 0.000000 0.000000 0.000000
3 1707736989 0.000000 1 0.000000 0.000000 0.000000
4 1707736989 0.000000 1 0.000000 0.000000 0.000000
1 1707736990 5.000000 1 5.000000 5.000000 5.000000
2 1707736990 0.000000 1 0.000000 0.000000 0.000000
3 1707736990 0.000000 1 0.000000 0.000000 0.000000
4 1707736990 0.000000 1 0.000000 0.000000 0.000000
1 1707736991 5.000000 1 5.000000 5.000000 5.000000
2 1707736991 0.000000 1 0.000000 0.000000 0.000000
3 1707736991 0.000000 1 0.000000 0.000000 0.000000
4 1707736991 0.000000 1 0.000000 0.000000 0.000000
1 1707736992 5.000000 1 5.000000 5.000000 5.000000
2 1707736992 0.000000 1 0.000000 0.000000 0.000000
3 1707736992 0.000000 1 0.000000 0.000000 0.000000
4 1707736992 0.000000 1 0.000000 0.000000 0.000000
1 1707736993 5.000000 1 5.000000 5.000000 5.000000
2 1707736993 0.000000 1 0.000000 0.000000 0.000000
3 1707736993 0.000000 1 0.000000 0.000000 0.000000
4 1707736993 0.000000 1 0.000000 0.000000 0.000000
1 1707736994 5.000000 1 5.000000 5.000000 5.000000
2 1707736994 0.000000 1 0.000000 0.000000 0.000000
3 1707736994 0.000000 1 0.000000 0.000000 0.000000
4 1707736994 0.000000 1 0.000000 0.000000 0.000000
1 1707736995 5.000000 1 5.000000 5.000000 5.000000
2 1707736995 0.000000 1 0.000000 0.000000 0.000000
3 1707736995 0.000000 1 0.000000 0.000000 0.000000
4 1707736995 0.000000 1 0.000000 0.000000 0.000000
1 1707736996 5.000000 1 5.000000 5.000000 5.000000
2 1707736996 0.000000 1 0.000000 0.000000 0.000000
3 1707736996 0.000000 1 0.000000 0.000000 0.000000
4 1707736996 0.000000 1 0.000000 0.000000 0.000000
1 1707736998 4.000000 1 4.000000 4.000000 4.000000
2 1707736998 0.000000 1 0.000000 0.000000 0.000000
3 1707736998 1.000000 1 1.000000 1.000000 1.000000
4 1707736998 0.000000 1 0.000000 0.000000 0.000000
1 1707736999 4.000000 1 4.000000 4.000000 4.000000
2 1707736999 0.000000 1 0.000000 0.000000 0.000000
3 1707736999 1.000000 1 1.000000 1.000000 1.000000
4 1707736999 0.000000 1 0.000000 0.000000 0.000000
1 1707737000 4.000000 1 4.000000 4.000000 4.000000
2 1707737000 0.000000 1 0.000000 0.000000 0.000000
3 1707737000 1.000000 1 1.000000 1.000000 1.000000
4 1707737000 0.000000 1 0.000000 0.000000 0.000000
1 1707737001 4.000000 1 4.000000 4.000000 4.000000
2 1707737001 0.000000 1 0.000000 0.000000 0.000000
3 1707737001 1.000000 1 1.000000 1.000000 1.000000
4 1707737001 0.000000 1 0.000000 0.000000 0.000000
1 1707737002 4.000000 1 4.000000 4.000000 4.000000
2 1707737002 0.000000 1 0.000000 0.000000 0.000000
3 1707737002 1.000000 1 1.000000 1.000000 1.000000
4 1707737002 0.000000 1 0.000000 0.000000 0.000000
1 1707737003 4.000000 1 4.000000 4.000000 4.000000
2 1707737003 0.000000 1 0.000000 0.000000 0.000000
3 1707737003 1.000000 1 1.000000 1.000000 1.000000
4 1707737003 0.000000 1 0.000000 0.000000 0.000000
1 1707737004 4.000000 1 4.000000 4.000000 4.000000
2 1707737004 0.000000 1 0.000000 0.000000 0.000000
3 1707737004 1.000000 1 1.000000 1.000000 1.000000
4 1707737004 0.000000 1 0.000000 0.000000 0.000000
1 1707737005 4.000000 1 4.000000 4.000000 4.000000
2 1707737005 0.000000 1 0.000000 0.000000 0.000000
3 1707737005 1.000000 1 1.000000 1.000000 1.000000
4 1707737005 0.000000 1 0.000000 0.000000 0.000000
1 1707737006 4.000000 1 4.000000 4.000000 4.000000
2 1707737006 0.000000 1 0.000000 0.000000 0.000000
3 1707737006 1.000000 1 1.000000 1.000000 1.000000
4 1707737006 0.000000 1 0.000000 0.000000 0.000000
1 1707737007 3.000000 1 3.000000 3.000000 3.000000
2 1707737007 0.000000 1 0.000000 0.000000 0.000000
3 1707737007 2.000000 1 2.000000 2.000000 2.000000
4 1707737007 0.000000 1 0.000000 0.000000 0.000000
1 1707737008 3.000000 1 3.000000 3.000000 3.000000
2 1707737008 0.000000 1 0.000000 0.000000 0.000000
3 1707737008 2.000000 1 2.000000 2.000000 2.000000
4 1707737008 0.000000 1 0.000000 0.000000 0.000000
1 1707737009 3.000000 1 3.000000 3.000000 3.000000
2 1707737009 0.000000 1 0.000000 0.000000 0.000000
3 1707737009 2.000000 1 2.000000 2.000000 2.000000
4 1707737009 0.000000 1 0.000000 0.000000 0.000000
1 1707737010 3.000000 1 3.000000 3.000000 3.000000
2 1707737010 0.000000 1 0.000000 0.000000 0.000000
3 1707737010 2.000000 1 2.000000 2.000000 2.000000
4 1707737010 0.000000 1 0.000000 0.000000 0.000000
1 1707737011 3.000000 1 3.000000 3.000000 3.000000
2 1707737011 0.000000 1 0.000000 0.000000 0.000000
3 1707737011 2.000000 1 2.000000 2.000000 2.000000
4 1707737011 0.000000 1 0.000000 0.000000 0.000000
1 1707737012 3.000000 1 3.000000 3.000000 3.000000
2 1707737012 0.000000 1 0.000000 0.000000 0.000000
3 1707737012 2.000000 1 2.000000 2.000000 2.000000
4 1707737012 0.000000 1 0.000000 0.000000 0.000000
1 1707737013 3.000000 1 3.000000 3.000000 3.000000
2 1707737013 0.000000 1 0.000000 0.000000 0.000000
3 1707737013 2.000000 1 2.000000 2.000000 2.000000
4 1707737013 0.000000 1 0.000000 0.000000 0.000000
1 1707737014 3.000000 1 3.000000 3.000000 3.000000
2 1707737014 0.000000 1 0.000000 0.000000 0.000000
3 1707737014 2.000000 1 2.000000 2.000000 2.000000
4 1707737014 0.000000 1 0.000000 0.000000 0.000000
1 1707737015 3.000000 1 3.000000 3.000000 3.000000
2 1707737015 0.000000 1 0.000000 0.000000 0.000000
3 1707737015 2.000000 1 2.000000 2.000000 2.000000
4 1707737015 0.000000 1 0.000000 0.000000 0.000000
1 1707737016 3.000000 1 3.000000 3.000000 3.000000
2 1707737016 0.000000 1 0.000000 0.000000 0.000000
3 1707737016 2.000000 1 2.000000 2.000000 2.000000
4 1707737016 0.000000 1 0.000000 0.000000 0.000000
1 1707737017 2.000000 1 2.000000 2.000000 2.000000
2 1707737017 0.000000 1 0.000000 0.000000 0.000000
3 1707737017 3.000000 1 3.000000 3.000000 3.000000
4 1707737017 0.000000 1 0.000000 0.000000 0.000000
1 1707737018 2.000000 1 2.000000 2.000000 2.000000
2 1707737018 0.000000 1 0.000000 0.000000 0.000000
3 1707737018 3.000000 1 3.000000 3.000000 3.000000
4 1707737018 0.000000 1 0.000000 0.000000 0.000000
1 1707737019 2.000000 1 2.000000 2.000000 2.000000
2 1707737019 0.000000 1 0.000000 0.000000 0.000000
3 1707737019 3.000000 1 3.000000 3.000000 3.000000
4 1707737019 0.000000 1 0.000000 0.000000 0.000000
1 1707737020 2.000000 1 2.000000 2.000000 2.000000
2 1707737020 0.000000 1 0.000000 0.000000 0.000000
3 1707737020 3.000000 1 3.000000 3.000000 3.000000
4 1707737020 0.000000 1 0.000000 0.000000 0.000000
1 1707737021 2.000000 1 2.000000 2.000000 2.000000
2 1707737021 0.000000 1 0.000000 0.000000 0.000000
3 1707737021 3.000000 1 3.000000 3.000000 3.000000
4 1707737021 0.000000 1 0.000000 0.000000 0.000000
1 1707737022 2.000000 1 2.000000 2.000000 2.000000
2 1707737022 0.000000 1 0.000000 0.000000 0.000000
3 1707737022 3.000000 1 3.000000 3.000000 3.000000
4 1707737022 0.000000 1 0.000000 0.000000 0.000000
1 1707737023 2.000000 1 2.000000 2.000000 2.000000
2 1707737023 0.000000 1 0.000000 0.000000 0.000000
3 1707737023 3.000000 1 3.000000 3.000000 3.000000
4 1707737023 0.000000 1 0.000000 0.000000 0.000000
1 1707737024 2.000000 1 2.000000 2.000000 2.000000
2 1707737024 0.000000 1 0.000000 0.000000 0.000000
3 1707737024 3.000000 1 3.000000 3.000000 3.000000
4 1707737024 0.000000 1 0.000000 0.000000 0.000000
1 1707737025 2.000000 1 2.000000 2.000000 2.000000
2 1707737025 0.000000 1 0.000000 0.000000 0.000000
3 1707737025 3.000000 1 3.000000 3.000000 3.000000
4 1707737025 0.000000 1 0.000000 0.000000 0.000000
1 1707737026 2.000000 1 2.000000 2.000000 2.000000
2 1707737026 0.000000 1 0.000000 0.000000 0.000000
3 1707737026 3.000000 1 3.000000 3.000000 3.000000
4 1707737026 0.000000 1 0.000000 0.000000 0.000000
1 1707737027 1.000000 1 1.000000 1.000000 1.000000
2 1707737027 0.000000 1 0.000000 0.000000 0.000000
3 1707737027 4.000000 1 4.000000 4.000000 4.000000
4 1707737027 0.000000 1 0.000000 0.000000 0.000000
1 1707737028 1.000000 1 1.000000 1.000000 1.000000
2 1707737028 0.000000 1 0.000000 0.000000 0.000000
3 1707737028 4.000000 1 4.000000 4.000000 4.000000
4 1707737028 0.000000 1 0.000000 0.000000 0.000000
1 1707737029 1.000000 1 1.000000 1.000000 1.000000
2 1707737029 0.000000 1 0.000000 0.000000 0.000000
3 1707737029 4.000000 1 4.000000 4.000000 4.000000
4 1707737029 0.000000 1 0.000000 0.000000 0.000000
1 1707737030 1.000000 1 1.000000 1.000000 1.000000
2 1707737030 0.000000 1 0.000000 0.000000 0.000000
3 1707737030 4.000000 1 4.000000 4.000000 4.000000
4 1707737030 0.000000 1 0.000000 0.000000 0.000000
1 1707737031 1.000000 1 1.000000 1.000000 1.000000
2 1707737031 0.000000 1 0.000000 0.000000 0.000000
3 1707737031 4.000000 1 4.000000 4.000000 4.000000
4 1707737031 0.000000 1 0.000000 0.000000 0.000000
1 1707737032 1.000000 1 1.000000 1.000000 1.000000
2 1707737032 0.000000 1 0.000000 0.000000 0.000000
3 1707737032 4.000000 1 4.000000 4.000000 4.000000
4 1707737032 0.000000 1 0.000000 0.000000 0.000000
1 1707737033 1.000000 1 1.000000 1.000000 1.000000
2 1707737033 0.000000 1 0.000000 0.000000 0.000000
3 1707737033 4.000000 1 4.000000 4.000000 4.000000
4 1707737033 0.000000 1 0.000000 0.000000 0.000000
1 1707737034 1.000000 1 1.000000 1.000000 1.000000
2 1707737034 0.000000 1 0.000000 0.000000 0.000000
3 1707737034 4.000000 1 4.000000 4.000000 4.000000
4 1707737034 0.000000 1 0.000000 0.000000 0.000000
1 1707737035 1.000000 1 1.000000 1.000000 1.000000
2 1707737035 0.000000 1 0.000000 0.000000 0.000000
3 1707737035 4.000000 1 4.000000 4.000000 4.000000
4 1707737035 0.000000 1 0.000000 0.000000 0.000000
1 1707737036 1.000000 1 1.000000 1.000000 1.000000
2 1707737036 0.000000 1 0.000000 0.000000 0.000000
3 1707737036 4.000000 1 4.000000 4.000000 4.000000
4 1707737036 0.000000 1 0.000000 0.000000 0.000000
1 1707737037 0.000000 1 0.000000 0.000000 0.000000
2 1707737037 0.000000 1 0.000000 0.000000 0.000000
3 1707737037 5.000000 1 5.000000 5.000000 5.000000
4 1707737037 0.000000 1 0.000000 0.000000 0.000000
