1 1707735648 0.000000 1 0.000000 0.000000 0.000000
2 1707735648 0.000000 1 0.000000 0.000000 0.000000
3 1707735648 0.000000 1 0.000000 0.000000 0.000000
4 1707735648 0.000000 1 0.000000 0.000000 0.000000
1 1707735649 0.000000 1 0.000000 0.000000 0.000000
2 1707735649 0.000000 1 0.000000 0.000000 0.000000
3 1707735649 0.000000 1 0.000000 0.000000 0.000000
4 1707735649 0.000000 1 0.000000 0.000000 0.000000
1 1707735650 0.000000 1 0.000000 0.000000 0.000000
2 1707735650 0.000000 1 0.000000 0.000000 0.000000
3 1707735650 0.000000 1 0.000000 0.000000 0.000000
4 1707735650 0.000000 1 0.000000 0.000000 0.000000
1 1707735651 0.000000 1 0.000000 0.000000 0.000000
2 1707735651 0.000000 1 0.000000 0.000000 0.000000
3 1707735651 0.000000 1 0.000000 0.000000 0.000000
4 1707735651 0.000000 1 0.000000 0.000000 0.000000
1 1707735652 0.000000 1 0.000000 0.000000 0.000000
2 1707735652 0.000000 1 0.000000 0.000000 0.000000
3 1707735652 0.000000 1 0.000000 0.000000 0.000000
4 1707735652 0.000000 1 0.000000 0.000000 0.000000
1 1707735653 0.000000 1 0.000000 0.000000 0.000000
2 1707735653 0.000000 1 0.000000 0.000000 0.000000
3 1707735653 0.000000 1 0.000000 0.000000 0.000000
4 1707735653 0.000000 1 0.000000 0.000000 0.000000
1 1707735654 0.000000 1 0.000000 0.000000 0.000000
2 1707735654 0.000000 1 0.000000 0.000000 0.000000
3 1707735654 0.000000 1 0.000000 0.000000 0.000000
4 1707735654 0.000000 1 0.000000 0.000000 0.000000
1 1707735655 0.000000 1 0.000000 0.000000 0.000000
2 1707735655 0.000000 1 0.000000 0.000000 0.000000
3 1707735655 0.000000 1 0.000000 0.000000 0.000000
4 1707735655 0.000000 1 0.000000 0.000000 0.000000
1 1707735656 0.000000 1 0.000000 0.000000 0.000000
2 1707735656 0.000000 1 0.000000 0.000000 0.000000
3 1707735656 0.000000 1 0.000000 0.000000 0.000000
4 1707735656 0.000000 1 0.000000 0.000000 0.000000
1 1707735657 0.000000 1 0.000000 0.000000 0.000000
2 1707735657 0.000000 1 0.000000 0.000000 0.000000
3 1707735657 0.000000 1 0.000000 0.000000 0.000000
4 1707735657 0.000000 1 0.000000 0.000000 0.000000
1 1707735658 1.000000 1 1.000000 1.000000 1.000000
2 1707735658 0.000000 1 0.000000 0.000000 0.000000
3 1707735658 0.000000 1 0.000000 0.000000 0.000000
4 1707735658 0.000000 1 0.000000 0.000000 0.000000
1 1707735659 1.000000 1 1.000000 1.000000 1.000000
2 1707735659 0.000000 1 0.000000 0.000000 0.000000
3 1707735659 0.000000 1 0.000000 0.000000 0.000000
4 1707735659 0.000000 1 0.000000 0.000000 0.000000
1 1707735660 2.000000 1 2.000000 2.000000 2.000000
2 1707735660 0.000000 1 0.000000 0.000000 0.000000
3 1707735660 0.000000 1 0.000000 0.000000 0.000000
4 1707735660 0.000000 1 0.000000 0.000000 0.000000
1 1707735661 2.000000 1 2.000000 2.000000 2.000000
2 1707735661 0.000000 1 0.000000 0.000000 0.000000
3 1707735661 0.000000 1 0.000000 0.000000 0.000000
4 1707735661 0.000000 1 0.000000 0.000000 0.000000
1 1707735662 2.000000 1 2.000000 2.000000 2.000000
2 1707735662 0.000000 1 0.000000 0.000000 0.000000
3 1707735662 0.000000 1 0.000000 0.000000 0.000000
4 1707735662 0.000000 1 0.000000 0.000000 0.000000
1 1707735663 2.000000 1 2.000000 2.000000 2.000000
2 1707735663 0.000000 1 0.000000 0.000000 0.000000
3 1707735663 0.000000 1 0.000000 0.000000 0.000000
4 1707735663 0.000000 1 0.000000 0.000000 0.000000
1 1707735664 2.000000 1 2.000000 2.000000 2.000000
2 1707735664 0.000000 1 0.000000 0.000000 0.000000
3 1707735664 0.000000 1 0.000000 0.000000 0.000000
4 1707735664 0.000000 1 0.000000 0.000000 0.000000
1 1707735665 2.000000 1 2.000000 2.000000 2.000000
2 1707735665 0.000000 1 0.000000 0.000000 0.000000
3 1707735665 0.000000 1 0.000000 0.000000 0.000000
4 1707735665 0.000000 1 0.000000 0.000000 0.000000
1 1707735666 2.000000 1 2.000000 2.000000 2.000000
2 1707735666 0.000000 1 0.000000 0.000000 0.000000
3 1707735666 0.000000 1 0.000000 0.000000 0.000000
4 1707735666 0.000000 1 0.000000 0.000000 0.000000
1 1707735667 2.000000 1 2.000000 2.000000 2.000000
2 1707735667 0.000000 1 0.000000 0.000000 0.000000
3 1707735667 0.000000 1 0.000000 0.000000 0.000000
4 1707735667 0.000000 1 0.000000 0.000000 0.000000
1 1707735668 2.000000 1 2.000000 2.000000 2.000000
2 1707735668 0.000000 1 0.000000 0.000000 0.000000
3 1707735668 0.000000 1 0.000000 0.000000 0.000000
4 1707735668 0.000000 1 0.000000 0.000000 0.000000
1 1707735669 2.000000 1 2.000000 2.000000 2.000000
2 1707735669 0.000000 1 0.000000 0.000000 0.000000
3 1707735669 0.000000 1 0.000000 0.000000 0.000000
4 1707735669 0.000000 1 0.000000 0.000000 0.000000
1 1707735670 3.000000 1 3.000000 3.000000 3.000000
2 1707735670 0.000000 1 0.000000 0.000000 0.000000
3 1707735670 0.000000 1 0.000000 0.000000 0.000000
4 1707735670 0.000000 1 0.000000 0.000000 0.000000
1 1707735671 3.000000 1 3.000000 3.000000 3.000000
2 1707735671 0.000000 1 0.000000 0.000000 0.000000
3 1707735671 0.000000 1 0.000000 0.000000 0.000000
4 1707735671 0.000000 1 0.000000 0.000000 0.000000
1 1707735672 3.000000 1 3.000000 3.000000 3.000000
2 1707735672 0.000000 1 0.000000 0.000000 0.000000
3 1707735672 0.000000 1 0.000000 0.000000 0.000000
4 1707735672 0.000000 1 0.000000 0.000000 0.000000
1 1707735673 3.000000 1 3.000000 3.000000 3.000000
2 1707735673 0.000000 1 0.000000 0.000000 0.000000
3 1707735673 0.000000 1 0.000000 0.000000 0.000000
4 1707735673 0.000000 1 0.000000 0.000000 0.000000
1 1707735674 3.000000 1 3.000000 3.000000 3.000000
2 1707735674 0.000000 1 0.000000 0.000000 0.000000
3 1707735674 0.000000 1 0.000000 0.000000 0.000000
4 1707735674 0.000000 1 0.000000 0.000000 0.000000
1 1707735675 3.000000 1 3.000000 3.000000 3.000000
2 1707735675 0.000000 1 0.000000 0.000000 0.000000
3 1707735675 0.000000 1 0.000000 0.000000 0.000000
4 1707735675 0.000000 1 0.000000 0.000000 0.000000
1 1707735676 3.000000 1 3.000000 3.000000 3.000000
2 1707735676 0.000000 1 0.000000 0.000000 0.000000
3 1707735676 0.000000 1 0.000000 0.000000 0.000000
4 1707735676 0.000000 1 0.000000 0.000000 0.000000
1 1707735677 3.000000 1 3.000000 3.000000 3.000000
2 1707735677 0.000000 1 0.000000 0.000000 0.000000
3 1707735677 0.000000 1 0.000000 0.000000 0.000000
4 1707735677 0.000000 1 0.000000 0.000000 0.000000
1 1707735678 3.000000 1 3.000000 3.000000 3.000000
2 1707735678 0.000000 1 0.000000 0.000000 0.000000
3 1707735678 0.000000 1 0.000000 0.000000 0.000000
4 1707735678 0.000000 1 0.000000 0.000000 0.000000
1 1707735679 3.000000 1 3.000000 3.000000 3.000000
2 1707735679 0.000000 1 0.000000 0.000000 0.000000
3 1707735679 0.000000 1 0.000000 0.000000 0.000000
4 1707735679 0.000000 1 0.000000 0.000000 0.000000
1 1707735680 4.000000 1 4.000000 4.000000 4.000000
2 1707735680 0.000000 1 0.000000 0.000000 0.000000
3 1707735680 0.000000 1 0.000000 0.000000 0.000000
4 1707735680 0.000000 1 0.000000 0.000000 0.000000
1 1707735681 4.000000 1 4.000000 4.000000 4.000000
2 1707735681 0.000000 1 0.000000 0.000000 0.000000
3 1707735681 0.000000 1 0.000000 0.000000 0.000000
4 1707735681 0.000000 1 0.000000 0.000000 0.000000
1 1707735682 4.000000 1 4.000000 4.000000 4.000000
2 1707735682 0.000000 1 0.000000 0.000000 0.000000
3 1707735682 0.000000 1 0.000000 0.000000 0.000000
4 1707735682 0.000000 1 0.000000 0.000000 0.000000
1 1707735683 4.000000 1 4.000000 4.000000 4.000000
2 1707735683 0.000000 1 0.000000 0.000000 0.000000
3 1707735683 0.000000 1 0.000000 0.000000 0.000000
4 1707735683 0.000000 1 0.000000 0.000000 0.000000
1 1707735684 4.000000 1 4.000000 4.000000 4.000000
2 1707735684 0.000000 1 0.000000 0.000000 0.000000
3 1707735684 0.000000 1 0.000000 0.000000 0.000000
4 1707735684 0.000000 1 0.000000 0.000000 0.000000
1 1707735685 4.000000 1 4.000000 4.000000 4.000000
2 1707735685 0.000000 1 0.000000 0.000000 0.000000
3 1707735685 0.000000 1 0.000000 0.000000 0.000000
4 1707735685 0.000000 1 0.000000 0.000000 0.000000
1 1707735686 4.000000 1 4.000000 4.000000 4.000000
2 1707735686 0.000000 1 0.000000 0.000000 0.000000
3 1707735686 0.000000 1 0.000000 0.000000 0.000000
4 1707735686 0.000000 1 0.000000 0.000000 0.000000
1 1707735687 4.000000 1 4.000000 4.000000 4.000000
2 1707735687 0.000000 1 0.000000 0.000000 0.000000
3 1707735687 0.000000 1 0.000000 0.000000 0.000000
4 1707735687 0.000000 1 0.000000 0.000000 0.000000
1 1707735688 4.000000 1 4.000000 4.000000 4.000000
2 1707735688 0.000000 1 0.000000 0.000000 0.000000
3 1707735688 0.000000 1 0.000000 0.000000 0.000000
4 1707735688 0.000000 1 0.000000 0.000000 0.000000
1 1707735689 4.000000 1 4.000000 4.000000 4.000000
2 1707735689 0.000000 1 0.000000 0.000000 0.000000
3 1707735689 0.000000 1 0.000000 0.000000 0.000000
4 1707735689 0.000000 1 0.000000 0.000000 0.000000
1 1707735690 4.000000 1 4.000000 4.000000 4.000000
2 1707735690 0.000000 1 0.000000 0.000000 0.000000
3 1707735690 0.000000 1 0.000000 0.000000 0.000000
4 1707735690 0.000000 1 0.000000 0.000000 0.000000
1 1707735691 4.000000 1 4.000000 4.000000 4.000000
2 1707735691 0.000000 1 0.000000 0.000000 0.000000
3 1707735691 0.000000 1 0.000000 0.000000 0.000000
4 1707735691 0.000000 1 0.000000 0.000000 0.000000
1 1707735692 4.000000 1 4.000000 4.000000 4.000000
2 1707735692 0.000000 1 0.000000 0.000000 0.000000
3 1707735692 0.000000 1 0.000000 0.000000 0.000000
4 1707735692 0.000000 1 0.000000 0.000000 0.000000
1 1707735693 4.000000 1 4.000000 4.000000 4.000000
2 1707735693 0.000000 1 0.000000 0.000000 0.000000
3 1707735693 0.000000 1 0.000000 0.000000 0.000000
4 1707735693 0.000000 1 0.000000 0.000000 0.000000
1 1707735694 4.000000 1 4.000000 4.000000 4.000000
2 1707735694 0.000000 1 0.000000 0.000000 0.000000
3 1707735694 0.000000 1 0.000000 0.000000 0.000000
4 1707735694 0.000000 1 0.000000 0.000000 0.000000
1 1707735695 4.000000 1 4.000000 4.000000 4.000000
2 1707735695 0.000000 1 0.000000 0.000000 0.000000
3 1707735695 0.000000 1 0.000000 0.000000 0.000000
4 1707735695 0.000000 1 0.000000 0.000000 0.000000
1 1707735696 4.000000 1 4.000000 4.000000 4.000000
2 1707735696 0.000000 1 0.000000 0.000000 0.000000
3 1707735696 0.000000 1 0.000000 0.000000 0.000000
4 1707735696 0.000000 1 0.000000 0.000000 0.000000
1 1707735697 4.000000 1 4.000000 4.000000 4.000000
2 1707735697 0.000000 1 0.000000 0.000000 0.000000
3 1707735697 0.000000 1 0.000000 0.000000 0.000000
4 1707735697 1.000000 1 1.000000 1.000000 1.000000
1 1707735698 4.000000 1 4.000000 4.000000 4.000000
2 1707735698 0.000000 1 0.000000 0.000000 0.000000
3 1707735698 0.000000 1 0.000000 0.000000 0.000000
4 1707735698 1.000000 1 1.000000 1.000000 1.000000
1 1707735699 4.000000 1 4.000000 4.000000 4.000000
2 1707735699 0.000000 1 0.000000 0.000000 0.000000
3 1707735699 0.000000 1 0.000000 0.000000 0.000000
4 1707735699 1.000000 1 1.000000 1.000000 1.000000
1 1707735700 4.000000 1 4.000000 4.000000 4.000000
2 1707735700 0.000000 1 0.000000 0.000000 0.000000
3 1707735700 0.000000 1 0.000000 0.000000 0.000000
4 1707735700 1.000000 1 1.000000 1.000000 1.000000
1 1707735701 4.000000 1 4.000000 4.000000 4.000000
2 1707735701 0.000000 1 0.000000 0.000000 0.000000
3 1707735701 0.000000 1 0.000000 0.000000 0.000000
4 1707735701 1.000000 1 1.000000 1.000000 1.000000
1 1707735702 4.000000 1 4.000000 4.000000 4.000000
2 1707735702 0.000000 1 0.000000 0.000000 0.000000
3 1707735702 0.000000 1 0.000000 0.000000 0.000000
4 1707735702 1.000000 1 1.000000 1.000000 1.000000
1 1707735703 4.000000 1 4.000000 4.000000 4.000000
2 1707735703 0.000000 1 0.000000 0.000000 0.000000
3 1707735703 0.000000 1 0.000000 0.000000 0.000000
4 1707735703 1.000000 1 1.000000 1.000000 1.000000
1 1707735704 4.000000 1 4.000000 4.000000 4.000000
2 1707735704 0.000000 1 0.000000 0.000000 0.000000
3 1707735704 0.000000 1 0.000000 0.000000 0.000000
4 1707735704 2.000000 1 2.000000 2.000000 2.000000
1 1707735705 4.000000 1 4.000000 4.000000 4.000000
2 1707735705 0.000000 1 0.000000 0.000000 0.000000
3 1707735705 0.000000 1 0.000000 0.000000 0.000000
4 1707735705 2.000000 1 2.000000 2.000000 2.000000
1 1707735706 4.000000 1 4.000000 4.000000 4.000000
2 1707735706 0.000000 1 0.000000 0.000000 0.000000
3 1707735706 0.000000 1 0.000000 0.000000 0.000000
4 1707735706 2.000000 1 2.000000 2.000000 2.000000
1 1707735707 4.000000 1 4.000000 4.000000 4.000000
2 1707735707 0.000000 1 0.000000 0.000000 0.000000
3 1707735707 0.000000 1 0.000000 0.000000 0.000000
4 1707735707 2.000000 1 2.000000 2.000000 2.000000
1 1707735709 4.000000 1 4.000000 4.000000 4.000000
2 1707735709 0.000000 1 0.000000 0.000000 0.000000
3 1707735709 0.000000 1 0.000000 0.000000 0.000000
4 1707735709 2.000000 1 2.000000 2.000000 2.000000
1 1707735710 4.000000 1 4.000000 4.000000 4.000000
2 1707735710 0.000000 1 0.000000 0.000000 0.000000
3 1707735710 0.000000 1 0.000000 0.000000 0.000000
4 1707735710 2.000000 1 2.000000 2.000000 2.000000
1 1707735711 5.000000 1 5.000000 5.000000 5.000000
2 1707735711 0.000000 1 0.000000 0.000000 0.000000
3 1707735711 0.000000 1 0.000000 0.000000 0.000000
4 1707735711 2.000000 1 2.000000 2.000000 2.000000
1 1707735712 5.000000 1 5.000000 5.000000 5.000000
2 1707735712 0.000000 1 0.000000 0.000000 0.000000
3 1707735712 0.000000 1 0.000000 0.000000 0.000000
4 1707735712 2.000000 1 2.000000 2.000000 2.000000
1 1707735713 5.000000 1 5.000000 5.000000 5.000000
2 1707735713 0.000000 1 0.000000 0.000000 0.000000
3 1707735713 0.000000 1 0.000000 0.000000 0.000000
4 1707735713 2.000000 1 2.000000 2.000000 2.000000
1 1707735714 5.000000 1 5.000000 5.000000 5.000000
2 1707735714 0.000000 1 0.000000 0.000000 0.000000
3 1707735714 0.000000 1 0.000000 0.000000 0.000000
4 1707735714 2.000000 1 2.000000 2.000000 2.000000
1 1707735715 5.000000 1 5.000000 5.000000 5.000000
2 1707735715 0.000000 1 0.000000 0.000000 0.000000
3 1707735715 0.000000 1 0.000000 0.000000 0.000000
4 1707735715 2.000000 1 2.000000 2.000000 2.000000
1 1707735716 5.000000 1 5.000000 5.000000 5.000000
2 1707735716 0.000000 1 0.000000 0.000000 0.000000
3 1707735716 0.000000 1 0.000000 0.000000 0.000000
4 1707735716 2.000000 1 2.000000 2.000000 2.000000
1 1707735717 5.000000 1 5.000000 5.000000 5.000000
2 1707735717 0.000000 1 0.000000 0.000000 0.000000
3 1707735717 0.000000 1 0.000000 0.000000 0.000000
4 1707735717 2.000000 1 2.000000 2.000000 2.000000
1 1707735718 5.000000 1 5.000000 5.000000 5.000000
2 1707735718 0.000000 1 0.000000 0.000000 0.000000
3 1707735718 0.000000 1 0.000000 0.000000 0.000000
4 1707735718 2.000000 1 2.000000 2.000000 2.000000
1 1707735719 5.000000 1 5.000000 5.000000 5.000000
2 1707735719 0.000000 1 0.000000 0.000000 0.000000
3 1707735719 0.000000 1 0.000000 0.000000 0.000000
4 1707735719 2.000000 1 2.000000 2.000000 2.000000
1 1707735720 5.000000 1 5.000000 5.000000 5.000000
2 1707735720 0.000000 1 0.000000 0.000000 0.000000
3 1707735720 0.000000 1 0.000000 0.000000 0.000000
4 1707735720 2.000000 1 2.000000 2.000000 2.000000
1 1707735721 6.000000 1 6.000000 6.000000 6.000000
2 1707735721 0.000000 1 0.000000 0.000000 0.000000
3 1707735721 0.000000 1 0.000000 0.000000 0.000000
4 1707735721 2.000000 1 2.000000 2.000000 2.000000
1 1707735722 6.000000 1 6.000000 6.000000 6.000000
2 1707735722 0.000000 1 0.000000 0.000000 0.000000
3 1707735722 0.000000 1 0.000000 0.000000 0.000000
4 1707735722 2.000000 1 2.000000 2.000000 2.000000
1 1707735723 6.000000 1 6.000000 6.000000 6.000000
2 1707735723 0.000000 1 0.000000 0.000000 0.000000
3 1707735723 0.000000 1 0.000000 0.000000 0.000000
4 1707735723 2.000000 1 2.000000 2.000000 2.000000
1 1707735724 6.000000 1 6.000000 6.000000 6.000000
2 1707735724 0.000000 1 0.000000 0.000000 0.000000
3 1707735724 0.000000 1 0.000000 0.000000 0.000000
4 1707735724 2.000000 1 2.000000 2.000000 2.000000
1 1707735725 6.000000 1 6.000000 6.000000 6.000000
2 1707735725 0.000000 1 0.000000 0.000000 0.000000
3 1707735725 0.000000 1 0.000000 0.000000 0.000000
4 1707735725 2.000000 1 2.000000 2.000000 2.000000
1 1707735726 6.000000 1 6.000000 6.000000 6.000000
2 1707735726 0.000000 1 0.000000 0.000000 0.000000
3 1707735726 0.000000 1 0.000000 0.000000 0.000000
4 1707735726 2.000000 1 2.000000 2.000000 2.000000
1 1707735727 6.000000 1 6.000000 6.000000 6.000000
2 1707735727 0.000000 1 0.000000 0.000000 0.000000
3 1707735727 0.000000 1 0.000000 0.000000 0.000000
4 1707735727 2.000000 1 2.000000 2.000000 2.000000
1 1707735728 6.000000 1 6.000000 6.000000 6.000000
2 1707735728 0.000000 1 0.000000 0.000000 0.000000
3 1707735728 0.000000 1 0.000000 0.000000 0.000000
4 1707735728 2.000000 1 2.000000 2.000000 2.000000
1 1707735729 6.000000 1 6.000000 6.000000 6.000000
2 1707735729 0.000000 1 0.000000 0.000000 0.000000
3 1707735729 0.000000 1 0.000000 0.000000 0.000000
4 1707735729 2.000000 1 2.000000 2.000000 2.000000
1 1707735730 6.000000 1 6.000000 6.000000 6.000000
2 1707735730 0.000000 1 0.000000 0.000000 0.000000
3 1707735730 0.000000 1 0.000000 0.000000 0.000000
4 1707735730 2.000000 1 2.000000 2.000000 2.000000
1 1707735731 7.000000 1 7.000000 7.000000 7.000000
2 1707735731 0.000000 1 0.000000 0.000000 0.000000
3 1707735731 0.000000 1 0.000000 0.000000 0.000000
4 1707735731 2.000000 1 2.000000 2.000000 2.000000
1 1707735732 7.000000 1 7.000000 7.000000 7.000000
2 1707735732 0.000000 1 0.000000 0.000000 0.000000
3 1707735732 0.000000 1 0.000000 0.000000 0.000000
4 1707735732 2.000000 1 2.000000 2.000000 2.000000
1 1707735733 7.000000 1 7.000000 7.000000 7.000000
2 1707735733 0.000000 1 0.000000 0.000000 0.000000
3 1707735733 0.000000 1 0.000000 0.000000 0.000000
4 1707735733 2.000000 1 2.000000 2.000000 2.000000
1 1707735734 7.000000 1 7.000000 7.000000 7.000000
2 1707735734 0.000000 1 0.000000 0.000000 0.000000
3 1707735734 0.000000 1 0.000000 0.000000 0.000000
4 1707735734 2.000000 1 2.000000 2.000000 2.000000
1 1707735735 7.000000 1 7.000000 7.000000 7.000000
2 1707735735 0.000000 1 0.000000 0.000000 0.000000
3 1707735735 0.000000 1 0.000000 0.000000 0.000000
4 1707735735 2.000000 1 2.000000 2.000000 2.000000
1 1707735736 7.000000 1 7.000000 7.000000 7.000000
2 1707735736 0.000000 1 0.000000 0.000000 0.000000
3 1707735736 0.000000 1 0.000000 0.000000 0.000000
4 1707735736 2.000000 1 2.000000 2.000000 2.000000
1 1707735737 7.000000 1 7.000000 7.000000 7.000000
2 1707735737 0.000000 1 0.000000 0.000000 0.000000
3 1707735737 0.000000 1 0.000000 0.000000 0.000000
4 1707735737 2.000000 1 2.000000 2.000000 2.000000
1 1707735738 7.000000 1 7.000000 7.000000 7.000000
2 1707735738 0.000000 1 0.000000 0.000000 0.000000
3 1707735738 0.000000 1 0.000000 0.000000 0.000000
4 1707735738 2.000000 1 2.000000 2.000000 2.000000
1 1707735739 7.000000 1 7.000000 7.000000 7.000000
2 1707735739 0.000000 1 0.000000 0.000000 0.000000
3 1707735739 0.000000 1 0.000000 0.000000 0.000000
4 1707735739 2.000000 1 2.000000 2.000000 2.000000
1 1707735740 7.000000 1 7.000000 7.000000 7.000000
2 1707735740 0.000000 1 0.000000 0.000000 0.000000
3 1707735740 0.000000 1 0.000000 0.000000 0.000000
4 1707735740 2.000000 1 2.000000 2.000000 2.000000
1 1707735741 8.000000 1 8.000000 8.000000 8.000000
2 1707735741 0.000000 1 0.000000 0.000000 0.000000
3 1707735741 0.000000 1 0.000000 0.000000 0.000000
4 1707735741 2.000000 1 2.000000 2.000000 2.000000
1 1707735742 8.000000 1 8.000000 8.000000 8.000000
2 1707735742 0.000000 1 0.000000 0.000000 0.000000
3 1707735742 0.000000 1 0.000000 0.000000 0.000000
4 1707735742 2.000000 1 2.000000 2.000000 2.000000
1 1707735743 8.000000 1 8.000000 8.000000 8.000000
2 1707735743 0.000000 1 0.000000 0.000000 0.000000
3 1707735743 0.000000 1 0.000000 0.000000 0.000000
4 1707735743 2.000000 1 2.000000 2.000000 2.000000
1 1707735744 8.000000 1 8.000000 8.000000 8.000000
2 1707735744 0.000000 1 0.000000 0.000000 0.000000
3 1707735744 0.000000 1 0.000000 0.000000 0.000000
4 1707735744 2.000000 1 2.000000 2.000000 2.000000
1 1707735745 8.000000 1 8.000000 8.000000 8.000000
2 1707735745 0.000000 1 0.000000 0.000000 0.000000
3 1707735745 0.000000 1 0.000000 0.000000 0.000000
4 1707735745 2.000000 1 2.000000 2.000000 2.000000
1 1707735746 8.000000 1 8.000000 8.000000 8.000000
2 1707735746 0.000000 1 0.000000 0.000000 0.000000
3 1707735746 0.000000 1 0.000000 0.000000 0.000000
4 1707735746 2.000000 1 2.000000 2.000000 2.000000
1 1707735747 8.000000 1 8.000000 8.000000 8.000000
2 1707735747 0.000000 1 0.000000 0.000000 0.000000
3 1707735747 0.000000 1 0.000000 0.000000 0.000000
4 1707735747 2.000000 1 2.000000 2.000000 2.000000
1 1707735748 8.000000 1 8.000000 8.000000 8.000000
2 1707735748 0.000000 1 0.000000 0.000000 0.000000
3 1707735748 0.000000 1 0.000000 0.000000 0.000000
4 1707735748 2.000000 1 2.000000 2.000000 2.000000
1 1707735749 8.000000 1 8.000000 8.000000 8.000000
2 1707735749 0.000000 1 0.000000 0.000000 0.000000
3 1707735749 0.000000 1 0.000000 0.000000 0.000000
4 1707735749 2.000000 1 2.000000 2.000000 2.000000
1 1707735750 8.000000 1 8.000000 8.000000 8.000000
2 1707735750 0.000000 1 0.000000 0.000000 0.000000
3 1707735750 0.000000 1 0.000000 0.000000 0.000000
4 1707735750 2.000000 1 2.000000 2.000000 2.000000
1 1707735751 8.000000 1 8.000000 8.000000 8.000000
2 1707735751 0.000000 1 0.000000 0.000000 0.000000
3 1707735751 0.000000 1 0.000000 0.000000 0.000000
4 1707735751 2.000000 1 2.000000 2.000000 2.000000
1 1707735752 8.000000 1 8.000000 8.000000 8.000000
2 1707735752 0.000000 1 0.000000 0.000000 0.000000
3 1707735752 0.000000 1 0.000000 0.000000 0.000000
4 1707735752 2.000000 1 2.000000 2.000000 2.000000
1 1707735753 8.000000 1 8.000000 8.000000 8.000000
2 1707735753 0.000000 1 0.000000 0.000000 0.000000
3 1707735753 0.000000 1 0.000000 0.000000 0.000000
4 1707735753 2.000000 1 2.000000 2.000000 2.000000
1 1707735754 8.000000 1 8.000000 8.000000 8.000000
2 1707735754 0.000000 1 0.000000 0.000000 0.000000
3 1707735754 0.000000 1 0.000000 0.000000 0.000000
4 1707735754 2.000000 1 2.000000 2.000000 2.000000
1 1707735755 8.000000 1 8.000000 8.000000 8.000000
2 1707735755 0.000000 1 0.000000 0.000000 0.000000
3 1707735755 0.000000 1 0.000000 0.000000 0.000000
4 1707735755 2.000000 1 2.000000 2.000000 2.000000
1 1707735756 8.000000 1 8.000000 8.000000 8.000000
2 1707735756 0.000000 1 0.000000 0.000000 0.000000
3 1707735756 0.000000 1 0.000000 0.000000 0.000000
4 1707735756 2.000000 1 2.000000 2.000000 2.000000
1 1707735757 8.000000 1 8.000000 8.000000 8.000000
2 1707735757 0.000000 1 0.000000 0.000000 0.000000
3 1707735757 0.000000 1 0.000000 0.000000 0.000000
4 1707735757 2.000000 1 2.000000 2.000000 2.000000
1 1707735758 8.000000 1 8.000000 8.000000 8.000000
2 1707735758 0.000000 1 0.000000 0.000000 0.000000
3 1707735758 0.000000 1 0.000000 0.000000 0.000000
4 1707735758 2.000000 1 2.000000 2.000000 2.000000
1 1707735759 8.000000 1 8.000000 8.000000 8.000000
2 1707735759 0.000000 1 0.000000 0.000000 0.000000
3 1707735759 0.000000 1 0.000000 0.000000 0.000000
4 1707735759 2.000000 1 2.000000 2.000000 2.000000
1 1707735760 8.000000 1 8.000000 8.000000 8.000000
2 1707735760 0.000000 1 0.000000 0.000000 0.000000
3 1707735760 0.000000 1 0.000000 0.000000 0.000000
4 1707735760 2.000000 1 2.000000 2.000000 2.000000
1 1707735761 8.000000 1 8.000000 8.000000 8.000000
2 1707735761 0.000000 1 0.000000 0.000000 0.000000
3 1707735761 0.000000 1 0.000000 0.000000 0.000000
4 1707735761 2.000000 1 2.000000 2.000000 2.000000
1 1707735762 8.000000 1 8.000000 8.000000 8.000000
2 1707735762 0.000000 1 0.000000 0.000000 0.000000
3 1707735762 0.000000 1 0.000000 0.000000 0.000000
4 1707735762 2.000000 1 2.000000 2.000000 2.000000
1 1707735763 8.000000 1 8.000000 8.000000 8.000000
2 1707735763 0.000000 1 0.000000 0.000000 0.000000
3 1707735763 0.000000 1 0.000000 0.000000 0.000000
4 1707735763 2.000000 1 2.000000 2.000000 2.000000
1 1707735764 8.000000 1 8.000000 8.000000 8.000000
2 1707735764 0.000000 1 0.000000 0.000000 0.000000
3 1707735764 0.000000 1 0.000000 0.000000 0.000000
4 1707735764 2.000000 1 2.000000 2.000000 2.000000
1 1707735765 8.000000 1 8.000000 8.000000 8.000000
2 1707735765 0.000000 1 0.000000 0.000000 0.000000
3 1707735765 0.000000 1 0.000000 0.000000 0.000000
4 1707735765 2.000000 1 2.000000 2.000000 2.000000
1 1707735766 8.000000 1 8.000000 8.000000 8.000000
2 1707735766 0.000000 1 0.000000 0.000000 0.000000
3 1707735766 0.000000 1 0.000000 0.000000 0.000000
4 1707735766 2.000000 1 2.000000 2.000000 2.000000
1 1707735767 8.000000 1 8.000000 8.000000 8.000000
2 1707735767 0.000000 1 0.000000 0.000000 0.000000
3 1707735767 0.000000 1 0.000000 0.000000 0.000000
4 1707735767 2.000000 1 2.000000 2.000000 2.000000
1 1707735768 8.000000 1 8.000000 8.000000 8.000000
2 1707735768 0.000000 1 0.000000 0.000000 0.000000
3 1707735768 0.000000 1 0.000000 0.000000 0.000000
4 1707735768 2.000000 1 2.000000 2.000000 2.000000
1 1707735769 8.000000 1 8.000000 8.000000 8.000000
2 1707735769 0.000000 1 0.000000 0.000000 0.000000
3 1707735769 0.000000 1 0.000000 0.000000 0.000000
4 1707735769 2.000000 1 2.000000 2.000000 2.000000
1 1707735770 8.000000 1 8.000000 8.000000 8.000000
2 1707735770 0.000000 1 0.000000 0.000000 0.000000
3 1707735770 0.000000 1 0.000000 0.000000 0.000000
4 1707735770 2.000000 1 2.000000 2.000000 2.000000
1 1707735771 8.000000 1 8.000000 8.000000 8.000000
2 1707735771 0.000000 1 0.000000 0.000000 0.000000
3 1707735771 0.000000 1 0.000000 0.000000 0.000000
4 1707735771 2.000000 1 2.000000 2.000000 2.000000
1 1707735772 8.000000 1 8.000000 8.000000 8.000000
2 1707735772 0.000000 1 0.000000 0.000000 0.000000
3 1707735772 0.000000 1 0.000000 0.000000 0.000000
4 1707735772 2.000000 1 2.000000 2.000000 2.000000
1 1707735774 8.000000 1 8.000000 8.000000 8.000000
2 1707735774 0.000000 1 0.000000 0.000000 0.000000
3 1707735774 0.000000 1 0.000000 0.000000 0.000000
4 1707735774 2.000000 1 2.000000 2.000000 2.000000
1 1707735775 8.000000 1 8.000000 8.000000 8.000000
2 1707735775 0.000000 1 0.000000 0.000000 0.000000
3 1707735775 0.000000 1 0.000000 0.000000 0.000000
4 1707735775 2.000000 1 2.000000 2.000000 2.000000
1 1707735776 8.000000 1 8.000000 8.000000 8.000000
2 1707735776 0.000000 1 0.000000 0.000000 0.000000
3 1707735776 0.000000 1 0.000000 0.000000 0.000000
4 1707735776 2.000000 1 2.000000 2.000000 2.000000
1 1707735777 8.000000 1 8.000000 8.000000 8.000000
2 1707735777 0.000000 1 0.000000 0.000000 0.000000
3 1707735777 0.000000 1 0.000000 0.000000 0.000000
4 1707735777 2.000000 1 2.000000 2.000000 2.000000
1 1707735778 8.000000 1 8.000000 8.000000 8.000000
2 1707735778 0.000000 1 0.000000 0.000000 0.000000
3 1707735778 0.000000 1 0.000000 0.000000 0.000000
4 1707735778 2.000000 1 2.000000 2.000000 2.000000
1 1707735779 8.000000 1 8.000000 8.000000 8.000000
2 1707735779 0.000000 1 0.000000 0.000000 0.000000
3 1707735779 0.000000 1 0.000000 0.000000 0.000000
4 1707735779 2.000000 1 2.000000 2.000000 2.000000
1 1707735780 8.000000 1 8.000000 8.000000 8.000000
2 1707735780 0.000000 1 0.000000 0.000000 0.000000
3 1707735780 0.000000 1 0.000000 0.000000 0.000000
4 1707735780 2.000000 1 2.000000 2.000000 2.000000
1 1707735781 8.000000 1 8.000000 8.000000 8.000000
2 1707735781 0.000000 1 0.000000 0.000000 0.000000
3 1707735781 0.000000 1 0.000000 0.000000 0.000000
4 1707735781 2.000000 1 2.000000 2.000000 2.000000
1 1707735782 8.000000 1 8.000000 8.000000 8.000000
2 1707735782 0.000000 1 0.000000 0.000000 0.000000
3 1707735782 0.000000 1 0.000000 0.000000 0.000000
4 1707735782 2.000000 1 2.000000 2.000000 2.000000
1 1707735783 8.000000 1 8.000000 8.000000 8.000000
2 1707735783 0.000000 1 0.000000 0.000000 0.000000
3 1707735783 0.000000 1 0.000000 0.000000 0.000000
4 1707735783 2.000000 1 2.000000 2.000000 2.000000
1 1707735784 8.000000 1 8.000000 8.000000 8.000000
2 1707735784 0.000000 1 0.000000 0.000000 0.000000
3 1707735784 0.000000 1 0.000000 0.000000 0.000000
4 1707735784 2.000000 1 2.000000 2.000000 2.000000
1 1707735785 8.000000 1 8.000000 8.000000 8.000000
2 1707735785 0.000000 1 0.000000 0.000000 0.000000
3 1707735785 0.000000 1 0.000000 0.000000 0.000000
4 1707735785 2.000000 1 2.000000 2.000000 2.000000
1 1707735786 8.000000 1 8.000000 8.000000 8.000000
2 1707735786 0.000000 1 0.000000 0.000000 0.000000
3 1707735786 0.000000 1 0.000000 0.000000 0.000000
4 1707735786 2.000000 1 2.000000 2.000000 2.000000
1 1707735787 8.000000 1 8.000000 8.000000 8.000000
2 1707735787 0.000000 1 0.000000 0.000000 0.000000
3 1707735787 0.000000 1 0.000000 0.000000 0.000000
4 1707735787 2.000000 1 2.000000 2.000000 2.000000
1 1707735788 8.000000 1 8.000000 8.000000 8.000000
2 1707735788 0.000000 1 0.000000 0.000000 0.000000
3 1707735788 0.000000 1 0.000000 0.000000 0.000000
4 1707735788 2.000000 1 2.000000 2.000000 2.000000
1 1707735789 8.000000 1 8.000000 8.000000 8.000000
2 1707735789 0.000000 1 0.000000 0.000000 0.000000
3 1707735789 0.000000 1 0.000000 0.000000 0.000000
4 1707735789 2.000000 1 2.000000 2.000000 2.000000
1 1707735790 8.000000 1 8.000000 8.000000 8.000000
2 1707735790 0.000000 1 0.000000 0.000000 0.000000
3 1707735790 0.000000 1 0.000000 0.000000 0.000000
4 1707735790 2.000000 1 2.000000 2.000000 2.000000
1 1707735791 8.000000 1 8.000000 8.000000 8.000000
2 1707735791 0.000000 1 0.000000 0.000000 0.000000
3 1707735791 0.000000 1 0.000000 0.000000 0.000000
4 1707735791 2.000000 1 2.000000 2.000000 2.000000
1 1707735792 8.000000 1 8.000000 8.000000 8.000000
2 1707735792 0.000000 1 0.000000 0.000000 0.000000
3 1707735792 0.000000 1 0.000000 0.000000 0.000000
4 1707735792 2.000000 1 2.000000 2.000000 2.000000
1 1707735793 8.000000 1 8.000000 8.000000 8.000000
2 1707735793 0.000000 1 0.000000 0.000000 0.000000
3 1707735793 0.000000 1 0.000000 0.000000 0.000000
4 1707735793 2.000000 1 2.000000 2.000000 2.000000
1 1707735794 8.000000 1 8.000000 8.000000 8.000000
2 1707735794 0.000000 1 0.000000 0.000000 0.000000
3 1707735794 0.000000 1 0.000000 0.000000 0.000000
4 1707735794 2.000000 1 2.000000 2.000000 2.000000
1 1707735795 8.000000 1 8.000000 8.000000 8.000000
2 1707735795 0.000000 1 0.000000 0.000000 0.000000
3 1707735795 0.000000 1 0.000000 0.000000 0.000000
4 1707735795 2.000000 1 2.000000 2.000000 2.000000
1 1707735796 8.000000 1 8.000000 8.000000 8.000000
2 1707735796 0.000000 1 0.000000 0.000000 0.000000
3 1707735796 0.000000 1 0.000000 0.000000 0.000000
4 1707735796 2.000000 1 2.000000 2.000000 2.000000
1 1707735797 8.000000 1 8.000000 8.000000 8.000000
2 1707735797 0.000000 1 0.000000 0.000000 0.000000
3 1707735797 0.000000 1 0.000000 0.000000 0.000000
4 1707735797 2.000000 1 2.000000 2.000000 2.000000
1 1707735798 8.000000 1 8.000000 8.000000 8.000000
2 1707735798 0.000000 1 0.000000 0.000000 0.000000
3 1707735798 0.000000 1 0.000000 0.000000 0.000000
4 1707735798 2.000000 1 2.000000 2.000000 2.000000
1 1707735799 8.000000 1 8.000000 8.000000 8.000000
2 1707735799 0.000000 1 0.000000 0.000000 0.000000
3 1707735799 0.000000 1 0.000000 0.000000 0.000000
4 1707735799 2.000000 1 2.000000 2.000000 2.000000
1 1707735800 8.000000 1 8.000000 8.000000 8.000000
2 1707735800 0.000000 1 0.000000 0.000000 0.000000
3 1707735800 0.000000 1 0.000000 0.000000 0.000000
4 1707735800 2.000000 1 2.000000 2.000000 2.000000
1 1707735801 8.000000 1 8.000000 8.000000 8.000000
2 1707735801 0.000000 1 0.000000 0.000000 0.000000
3 1707735801 0.000000 1 0.000000 0.000000 0.000000
4 1707735801 2.000000 1 2.000000 2.000000 2.000000
1 1707735802 8.000000 1 8.000000 8.000000 8.000000
2 1707735802 0.000000 1 0.000000 0.000000 0.000000
3 1707735802 0.000000 1 0.000000 0.000000 0.000000
4 1707735802 2.000000 1 2.000000 2.000000 2.000000
1 1707735803 8.000000 1 8.000000 8.000000 8.000000
2 1707735803 0.000000 1 0.000000 0.000000 0.000000
3 1707735803 0.000000 1 0.000000 0.000000 0.000000
4 1707735803 2.000000 1 2.000000 2.000000 2.000000
1 1707735804 8.000000 1 8.000000 8.000000 8.000000
2 1707735804 0.000000 1 0.000000 0.000000 0.000000
3 1707735804 0.000000 1 0.000000 0.000000 0.000000
4 1707735804 2.000000 1 2.000000 2.000000 2.000000
1 1707735805 8.000000 1 8.000000 8.000000 8.000000
2 1707735805 0.000000 1 0.000000 0.000000 0.000000
3 1707735805 0.000000 1 0.000000 0.000000 0.000000
4 1707735805 2.000000 1 2.000000 2.000000 2.000000
1 1707735806 8.000000 1 8.000000 8.000000 8.000000
2 1707735806 0.000000 1 0.000000 0.000000 0.000000
3 1707735806 0.000000 1 0.000000 0.000000 0.000000
4 1707735806 2.000000 1 2.000000 2.000000 2.000000
1 1707735807 8.000000 1 8.000000 8.000000 8.000000
2 1707735807 0.000000 1 0.000000 0.000000 0.000000
3 1707735807 0.000000 1 0.000000 0.000000 0.000000
4 1707735807 2.000000 1 2.000000 2.000000 2.000000
1 1707735808 8.000000 1 8.000000 8.000000 8.000000
2 1707735808 0.000000 1 0.000000 0.000000 0.000000
3 1707735808 0.000000 1 0.000000 0.000000 0.000000
4 1707735808 2.000000 1 2.000000 2.000000 2.000000
1 1707735809 8.000000 1 8.000000 8.000000 8.000000
2 1707735809 0.000000 1 0.000000 0.000000 0.000000
3 1707735809 0.000000 1 0.000000 0.000000 0.000000
4 1707735809 2.000000 1 2.000000 2.000000 2.000000
1 1707735810 8.000000 1 8.000000 8.000000 8.000000
2 1707735810 0.000000 1 0.000000 0.000000 0.000000
3 1707735810 0.000000 1 0.000000 0.000000 0.000000
4 1707735810 2.000000 1 2.000000 2.000000 2.000000
1 1707735811 8.000000 1 8.000000 8.000000 8.000000
2 1707735811 0.000000 1 0.000000 0.000000 0.000000
3 1707735811 0.000000 1 0.000000 0.000000 0.000000
4 1707735811 2.000000 1 2.000000 2.000000 2.000000
1 1707735812 8.000000 1 8.000000 8.000000 8.000000
2 1707735812 0.000000 1 0.000000 0.000000 0.000000
3 1707735812 0.000000 1 0.000000 0.000000 0.000000
4 1707735812 2.000000 1 2.000000 2.000000 2.000000
1 1707735813 8.000000 1 8.000000 8.000000 8.000000
2 1707735813 0.000000 1 0.000000 0.000000 0.000000
3 1707735813 0.000000 1 0.000000 0.000000 0.000000
4 1707735813 2.000000 1 2.000000 2.000000 2.000000
1 1707735814 8.000000 1 8.000000 8.000000 8.000000
2 1707735814 0.000000 1 0.000000 0.000000 0.000000
3 1707735814 0.000000 1 0.000000 0.000000 0.000000
4 1707735814 2.000000 1 2.000000 2.000000 2.000000
1 1707735815 8.000000 1 8.000000 8.000000 8.000000
2 1707735815 0.000000 1 0.000000 0.000000 0.000000
3 1707735815 0.000000 1 0.000000 0.000000 0.000000
4 1707735815 2.000000 1 2.000000 2.000000 2.000000
1 1707735816 8.000000 1 8.000000 8.000000 8.000000
2 1707735816 0.000000 1 0.000000 0.000000 0.000000
3 1707735816 0.000000 1 0.000000 0.000000 0.000000
4 1707735816 2.000000 1 2.000000 2.000000 2.000000
1 1707735817 8.000000 1 8.000000 8.000000 8.000000
2 1707735817 0.000000 1 0.000000 0.000000 0.000000
3 1707735817 0.000000 1 0.000000 0.000000 0.000000
4 1707735817 2.000000 1 2.000000 2.000000 2.000000
1 1707735818 8.000000 1 8.000000 8.000000 8.000000
2 1707735818 0.000000 1 0.000000 0.000000 0.000000
3 1707735818 0.000000 1 0.000000 0.000000 0.000000
4 1707735818 2.000000 1 2.000000 2.000000 2.000000
1 1707735819 8.000000 1 8.000000 8.000000 8.000000
2 1707735819 0.000000 1 0.000000 0.000000 0.000000
3 1707735819 0.000000 1 0.000000 0.000000 0.000000
4 1707735819 2.000000 1 2.000000 2.000000 2.000000
1 1707735820 8.000000 1 8.000000 8.000000 8.000000
2 1707735820 0.000000 1 0.000000 0.000000 0.000000
3 1707735820 0.000000 1 0.000000 0.000000 0.000000
4 1707735820 2.000000 1 2.000000 2.000000 2.000000
1 1707735821 8.000000 1 8.000000 8.000000 8.000000
2 1707735821 0.000000 1 0.000000 0.000000 0.000000
3 1707735821 0.000000 1 0.000000 0.000000 0.000000
4 1707735821 2.000000 1 2.000000 2.000000 2.000000
1 1707735822 8.000000 1 8.000000 8.000000 8.000000
2 1707735822 0.000000 1 0.000000 0.000000 0.000000
3 1707735822 0.000000 1 0.000000 0.000000 0.000000
4 1707735822 2.000000 1 2.000000 2.000000 2.000000
1 1707735823 8.000000 1 8.000000 8.000000 8.000000
2 1707735823 0.000000 1 0.000000 0.000000 0.000000
3 1707735823 0.000000 1 0.000000 0.000000 0.000000
4 1707735823 2.000000 1 2.000000 2.000000 2.000000
1 1707735824 8.000000 1 8.000000 8.000000 8.000000
2 1707735824 0.000000 1 0.000000 0.000000 0.000000
3 1707735824 0.000000 1 0.000000 0.000000 0.000000
4 1707735824 2.000000 1 2.000000 2.000000 2.000000
1 1707735825 8.000000 1 8.000000 8.000000 8.000000
2 1707735825 0.000000 1 0.000000 0.000000 0.000000
3 1707735825 0.000000 1 0.000000 0.000000 0.000000
4 1707735825 2.000000 1 2.000000 2.000000 2.000000
1 1707735826 8.000000 1 8.000000 8.000000 8.000000
2 1707735826 0.000000 1 0.000000 0.000000 0.000000
3 1707735826 0.000000 1 0.000000 0.000000 0.000000
4 1707735826 2.000000 1 2.000000 2.000000 2.000000
1 1707735827 8.000000 1 8.000000 8.000000 8.000000
2 1707735827 0.000000 1 0.000000 0.000000 0.000000
3 1707735827 0.000000 1 0.000000 0.000000 0.000000
4 1707735827 2.000000 1 2.000000 2.000000 2.000000
1 1707735828 8.000000 1 8.000000 8.000000 8.000000
2 1707735828 0.000000 1 0.000000 0.000000 0.000000
3 1707735828 0.000000 1 0.000000 0.000000 0.000000
4 1707735828 2.000000 1 2.000000 2.000000 2.000000
1 1707735829 8.000000 1 8.000000 8.000000 8.000000
2 1707735829 0.000000 1 0.000000 0.000000 0.000000
3 1707735829 0.000000 1 0.000000 0.000000 0.000000
4 1707735829 2.000000 1 2.000000 2.000000 2.000000
1 1707735830 8.000000 1 8.000000 8.000000 8.000000
2 1707735830 0.000000 1 0.000000 0.000000 0.000000
3 1707735830 0.000000 1 0.000000 0.000000 0.000000
4 1707735830 2.000000 1 2.000000 2.000000 2.000000
1 1707735831 8.000000 1 8.000000 8.000000 8.000000
2 1707735831 0.000000 1 0.000000 0.000000 0.000000
3 1707735831 0.000000 1 0.000000 0.000000 0.000000
4 1707735831 2.000000 1 2.000000 2.000000 2.000000
1 1707735832 8.000000 1 8.000000 8.000000 8.000000
2 1707735832 0.000000 1 0.000000 0.000000 0.000000
3 1707735832 0.000000 1 0.000000 0.000000 0.000000
4 1707735832 2.000000 1 2.000000 2.000000 2.000000
1 1707735833 8.000000 1 8.000000 8.000000 8.000000
2 1707735833 0.000000 1 0.000000 0.000000 0.000000
3 1707735833 0.000000 1 0.000000 0.000000 0.000000
4 1707735833 2.000000 1 2.000000 2.000000 2.000000
1 1707735834 8.000000 1 8.000000 8.000000 8.000000
2 1707735834 0.000000 1 0.000000 0.000000 0.000000
3 1707735834 0.000000 1 0.000000 0.000000 0.000000
4 1707735834 2.000000 1 2.000000 2.000000 2.000000
1 1707735835 8.000000 1 8.000000 8.000000 8.000000
2 1707735835 0.000000 1 0.000000 0.000000 0.000000
3 1707735835 0.000000 1 0.000000 0.000000 0.000000
4 1707735835 2.000000 1 2.000000 2.000000 2.000000
1 1707735836 8.000000 1 8.000000 8.000000 8.000000
2 1707735836 0.000000 1 0.000000 0.000000 0.000000
3 1707735836 0.000000 1 0.000000 0.000000 0.000000
4 1707735836 2.000000 1 2.000000 2.000000 2.000000
1 1707735837 8.000000 1 8.000000 8.000000 8.000000
2 1707735837 0.000000 1 0.000000 0.000000 0.000000
3 1707735837 0.000000 1 0.000000 0.000000 0.000000
4 1707735837 2.000000 1 2.000000 2.000000 2.000000
1 1707735839 8.000000 1 8.000000 8.000000 8.000000
2 1707735839 0.000000 1 0.000000 0.000000 0.000000
3 1707735839 0.000000 1 0.000000 0.000000 0.000000
4 1707735839 2.000000 1 2.000000 2.000000 2.000000
1 1707735840 8.000000 1 8.000000 8.000000 8.000000
2 1707735840 0.000000 1 0.000000 0.000000 0.000000
3 1707735840 0.000000 1 0.000000 0.000000 0.000000
4 1707735840 2.000000 1 2.000000 2.000000 2.000000
1 1707735841 8.000000 1 8.000000 8.000000 8.000000
2 1707735841 0.000000 1 0.000000 0.000000 0.000000
3 1707735841 0.000000 1 0.000000 0.000000 0.000000
4 1707735841 2.000000 1 2.000000 2.000000 2.000000
1 1707735842 8.000000 1 8.000000 8.000000 8.000000
2 1707735842 0.000000 1 0.000000 0.000000 0.000000
3 1707735842 0.000000 1 0.000000 0.000000 0.000000
4 1707735842 2.000000 1 2.000000 2.000000 2.000000
1 1707735843 8.000000 1 8.000000 8.000000 8.000000
2 1707735843 0.000000 1 0.000000 0.000000 0.000000
3 1707735843 0.000000 1 0.000000 0.000000 0.000000
4 1707735843 2.000000 1 2.000000 2.000000 2.000000
1 1707735844 8.000000 1 8.000000 8.000000 8.000000
2 1707735844 0.000000 1 0.000000 0.000000 0.000000
3 1707735844 0.000000 1 0.000000 0.000000 0.000000
4 1707735844 2.000000 1 2.000000 2.000000 2.000000
1 1707735845 8.000000 1 8.000000 8.000000 8.000000
2 1707735845 0.000000 1 0.000000 0.000000 0.000000
3 1707735845 0.000000 1 0.000000 0.000000 0.000000
4 1707735845 2.000000 1 2.000000 2.000000 2.000000
1 1707735846 8.000000 1 8.000000 8.000000 8.000000
2 1707735846 0.000000 1 0.000000 0.000000 0.000000
3 1707735846 0.000000 1 0.000000 0.000000 0.000000
4 1707735846 2.000000 1 2.000000 2.000000 2.000000
1 1707735847 8.000000 1 8.000000 8.000000 8.000000
2 1707735847 0.000000 1 0.000000 0.000000 0.000000
3 1707735847 0.000000 1 0.000000 0.000000 0.000000
4 1707735847 2.000000 1 2.000000 2.000000 2.000000
1 1707735848 8.000000 1 8.000000 8.000000 8.000000
2 1707735848 0.000000 1 0.000000 0.000000 0.000000
3 1707735848 0.000000 1 0.000000 0.000000 0.000000
4 1707735848 2.000000 1 2.000000 2.000000 2.000000
1 1707735849 8.000000 1 8.000000 8.000000 8.000000
2 1707735849 0.000000 1 0.000000 0.000000 0.000000
3 1707735849 0.000000 1 0.000000 0.000000 0.000000
4 1707735849 2.000000 1 2.000000 2.000000 2.000000
1 1707735850 0.000000 1 0.000000 0.000000 0.000000
2 1707735850 0.000000 1 0.000000 0.000000 0.000000
3 1707735850 8.000000 1 8.000000 8.000000 8.000000
4 1707735850 2.000000 1 2.000000 2.000000 2.000000
