5 1707737044 0.000000 1 0.000000 0.000000 0.000000
6 1707737044 0.000000 1 0.000000 0.000000 0.000000
7 1707737044 0.000000 1 0.000000 0.000000 0.000000
5 1707737049 0.000000 1 0.000000 0.000000 0.000000
6 1707737049 0.000000 1 0.000000 0.000000 0.000000
7 1707737049 0.000000 1 0.000000 0.000000 0.000000
5 1707737054 0.000000 1 0.000000 0.000000 0.000000
6 1707737054 0.000000 1 0.000000 0.000000 0.000000
7 1707737054 0.000000 1 0.000000 0.000000 0.000000
5 1707737059 0.000000 1 0.000000 0.000000 0.000000
6 1707737059 0.000000 1 0.000000 0.000000 0.000000
7 1707737059 0.000000 1 0.000000 0.000000 0.000000
5 1707737064 0.000000 1 0.000000 0.000000 0.000000
6 1707737064 0.000000 1 0.000000 0.000000 0.000000
7 1707737064 0.000000 1 0.000000 0.000000 0.000000
5 1707737069 0.000000 1 0.000000 0.000000 0.000000
6 1707737069 0.000000 1 0.000000 0.000000 0.000000
7 1707737069 0.000000 1 0.000000 0.000000 0.000000
5 1707737074 0.000000 1 0.000000 0.000000 0.000000
6 1707737074 0.000000 1 0.000000 0.000000 0.000000
7 1707737074 0.000000 1 0.000000 0.000000 0.000000
5 1707737079 0.000000 1 0.000000 0.000000 0.000000
6 1707737079 0.000000 1 0.000000 0.000000 0.000000
7 1707737079 0.000000 1 0.000000 0.000000 0.000000
5 1707737084 0.000000 1 0.000000 0.000000 0.000000
6 1707737084 0.000000 1 0.000000 0.000000 0.000000
7 1707737084 0.000000 1 0.000000 0.000000 0.000000
5 1707737089 0.000000 1 0.000000 0.000000 0.000000
6 1707737089 0.000000 1 0.000000 0.000000 0.000000
7 1707737089 0.000000 1 0.000000 0.000000 0.000000
5 1707737094 0.000000 1 0.000000 0.000000 0.000000
6 1707737094 0.000000 1 0.000000 0.000000 0.000000
7 1707737094 0.000000 1 0.000000 0.000000 0.000000
5 1707737099 0.000000 1 0.000000 0.000000 0.000000
6 1707737099 0.000000 1 0.000000 0.000000 0.000000
7 1707737099 0.000000 1 0.000000 0.000000 0.000000
5 1707737104 0.000000 1 0.000000 0.000000 0.000000
6 1707737104 0.000000 1 0.000000 0.000000 0.000000
7 1707737104 0.000000 1 0.000000 0.000000 0.000000
5 1707737109 0.000000 1 0.000000 0.000000 0.000000
6 1707737109 0.000000 1 0.000000 0.000000 0.000000
7 1707737109 0.000000 1 0.000000 0.000000 0.000000
5 1707737114 0.000000 1 0.000000 0.000000 0.000000
6 1707737114 0.000000 1 0.000000 0.000000 0.000000
7 1707737114 0.000000 1 0.000000 0.000000 0.000000
5 1707737119 0.000000 1 0.000000 0.000000 0.000000
6 1707737119 0.000000 1 0.000000 0.000000 0.000000
7 1707737119 0.000000 1 0.000000 0.000000 0.000000
5 1707737124 0.000000 1 0.000000 0.000000 0.000000
6 1707737124 0.000000 1 0.000000 0.000000 0.000000
7 1707737124 0.000000 1 0.000000 0.000000 0.000000
5 1707737129 0.000000 1 0.000000 0.000000 0.000000
6 1707737129 0.000000 1 0.000000 0.000000 0.000000
7 1707737129 0.000000 1 0.000000 0.000000 0.000000
5 1707737134 0.000000 1 0.000000 0.000000 0.000000
6 1707737134 0.000000 1 0.000000 0.000000 0.000000
7 1707737134 0.000000 1 0.000000 0.000000 0.000000
5 1707737139 0.000000 1 0.000000 0.000000 0.000000
6 1707737139 0.000000 1 0.000000 0.000000 0.000000
7 1707737139 0.000000 1 0.000000 0.000000 0.000000
5 1707737144 0.000000 1 0.000000 0.000000 0.000000
6 1707737144 0.000000 1 0.000000 0.000000 0.000000
7 1707737144 0.000000 1 0.000000 0.000000 0.000000
5 1707737149 0.000000 1 0.000000 0.000000 0.000000
6 1707737149 0.000000 1 0.000000 0.000000 0.000000
7 1707737149 0.000000 1 0.000000 0.000000 0.000000
5 1707737154 0.000000 1 0.000000 0.000000 0.000000
6 1707737154 0.000000 1 0.000000 0.000000 0.000000
7 1707737154 0.000000 1 0.000000 0.000000 0.000000
5 1707737159 0.000000 1 0.000000 0.000000 0.000000
6 1707737159 0.000000 1 0.000000 0.000000 0.000000
7 1707737159 0.000000 1 0.000000 0.000000 0.000000
5 1707737164 0.000000 1 0.000000 0.000000 0.000000
6 1707737164 0.000000 1 0.000000 0.000000 0.000000
7 1707737164 0.000000 1 0.000000 0.000000 0.000000
5 1707737169 0.000000 1 0.000000 0.000000 0.000000
6 1707737169 0.000000 1 0.000000 0.000000 0.000000
7 1707737169 0.000000 1 0.000000 0.000000 0.000000
5 1707737174 0.000000 1 0.000000 0.000000 0.000000
6 1707737174 0.000000 1 0.000000 0.000000 0.000000
7 1707737174 0.000000 1 0.000000 0.000000 0.000000
5 1707737179 0.000000 1 0.000000 0.000000 0.000000
6 1707737179 0.000000 1 0.000000 0.000000 0.000000
7 1707737179 0.000000 1 0.000000 0.000000 0.000000
5 1707737184 0.000000 1 0.000000 0.000000 0.000000
6 1707737184 0.000000 1 0.000000 0.000000 0.000000
7 1707737184 0.000000 1 0.000000 0.000000 0.000000
5 1707737189 0.000000 1 0.000000 0.000000 0.000000
6 1707737189 0.000000 1 0.000000 0.000000 0.000000
7 1707737189 0.000000 1 0.000000 0.000000 0.000000
5 1707737194 0.000000 1 0.000000 0.000000 0.000000
6 1707737194 0.000000 1 0.000000 0.000000 0.000000
7 1707737194 0.000000 1 0.000000 0.000000 0.000000
5 1707737199 0.000000 1 0.000000 0.000000 0.000000
6 1707737199 0.000000 1 0.000000 0.000000 0.000000
7 1707737199 0.000000 1 0.000000 0.000000 0.000000
5 1707737204 0.000000 1 0.000000 0.000000 0.000000
6 1707737204 0.000000 1 0.000000 0.000000 0.000000
7 1707737204 0.000000 1 0.000000 0.000000 0.000000
5 1707737209 0.000000 1 0.000000 0.000000 0.000000
6 1707737209 0.000000 1 0.000000 0.000000 0.000000
7 1707737209 0.000000 1 0.000000 0.000000 0.000000
5 1707737214 0.000000 1 0.000000 0.000000 0.000000
6 1707737214 0.000000 1 0.000000 0.000000 0.000000
7 1707737214 0.000000 1 0.000000 0.000000 0.000000
5 1707737219 0.000000 1 0.000000 0.000000 0.000000
6 1707737219 0.000000 1 0.000000 0.000000 0.000000
7 1707737219 0.000000 1 0.000000 0.000000 0.000000
5 1707737224 0.000000 1 0.000000 0.000000 0.000000
6 1707737224 0.000000 1 0.000000 0.000000 0.000000
7 1707737224 0.000000 1 0.000000 0.000000 0.000000
5 1707737229 0.000000 1 0.000000 0.000000 0.000000
6 1707737229 0.000000 1 0.000000 0.000000 0.000000
7 1707737229 0.000000 1 0.000000 0.000000 0.000000
5 1707737234 0.000000 1 0.000000 0.000000 0.000000
6 1707737234 0.000000 1 0.000000 0.000000 0.000000
7 1707737234 0.000000 1 0.000000 0.000000 0.000000
5 1707737239 0.000000 1 0.000000 0.000000 0.000000
6 1707737239 0.000000 1 0.000000 0.000000 0.000000
7 1707737239 0.000000 1 0.000000 0.000000 0.000000
5 1707737244 0.000000 1 0.000000 0.000000 0.000000
6 1707737244 0.000000 1 0.000000 0.000000 0.000000
7 1707737244 0.000000 1 0.000000 0.000000 0.000000
5 1707737249 0.000000 1 0.000000 0.000000 0.000000
6 1707737249 0.000000 1 0.000000 0.000000 0.000000
7 1707737249 0.000000 1 0.000000 0.000000 0.000000
5 1707737254 0.000000 1 0.000000 0.000000 0.000000
6 1707737254 0.000000 1 0.000000 0.000000 0.000000
7 1707737254 0.000000 1 0.000000 0.000000 0.000000
5 1707737259 0.000000 1 0.000000 0.000000 0.000000
6 1707737259 0.000000 1 0.000000 0.000000 0.000000
7 1707737259 0.000000 1 0.000000 0.000000 0.000000
5 1707737264 0.000000 1 0.000000 0.000000 0.000000
6 1707737264 0.000000 1 0.000000 0.000000 0.000000
7 1707737264 0.000000 1 0.000000 0.000000 0.000000
5 1707737269 0.000000 1 0.000000 0.000000 0.000000
6 1707737269 0.000000 1 0.000000 0.000000 0.000000
7 1707737269 0.000000 1 0.000000 0.000000 0.000000
