1 1707737042 0.000000 1 0.000000 0.000000 0.000000
2 1707737042 0.000000 1 0.000000 0.000000 0.000000
3 1707737042 0.000000 1 0.000000 0.000000 0.000000
4 1707737042 0.000000 1 0.000000 0.000000 0.000000
1 1707737043 0.000000 1 0.000000 0.000000 0.000000
2 1707737043 0.000000 1 0.000000 0.000000 0.000000
3 1707737043 0.000000 1 0.000000 0.000000 0.000000
4 1707737043 0.000000 1 0.000000 0.000000 0.000000
1 1707737044 0.000000 1 0.000000 0.000000 0.000000
2 1707737044 0.000000 1 0.000000 0.000000 0.000000
3 1707737044 0.000000 1 0.000000 0.000000 0.000000
4 1707737044 0.000000 1 0.000000 0.000000 0.000000
1 1707737045 1.000000 1 1.000000 1.000000 1.000000
2 1707737045 0.000000 1 0.000000 0.000000 0.000000
3 1707737045 0.000000 1 0.000000 0.000000 0.000000
4 1707737045 0.000000 1 0.000000 0.000000 0.000000
1 1707737046 1.000000 1 1.000000 1.000000 1.000000
2 1707737046 0.000000 1 0.000000 0.000000 0.000000
3 1707737046 0.000000 1 0.000000 0.000000 0.000000
4 1707737046 0.000000 1 0.000000 0.000000 0.000000
1 1707737047 1.000000 1 1.000000 1.000000 1.000000
2 1707737047 0.000000 1 0.000000 0.000000 0.000000
3 1707737047 0.000000 1 0.000000 0.000000 0.000000
4 1707737047 0.000000 1 0.000000 0.000000 0.000000
1 1707737048 1.000000 1 1.000000 1.000000 1.000000
2 1707737048 0.000000 1 0.000000 0.000000 0.000000
3 1707737048 0.000000 1 0.000000 0.000000 0.000000
4 1707737048 0.000000 1 0.000000 0.000000 0.000000
1 1707737049 1.000000 1 1.000000 1.000000 1.000000
2 1707737049 0.000000 1 0.000000 0.000000 0.000000
3 1707737049 0.000000 1 0.000000 0.000000 0.000000
4 1707737049 0.000000 1 0.000000 0.000000 0.000000
1 1707737050 1.000000 1 1.000000 1.000000 1.000000
2 1707737050 0.000000 1 0.000000 0.000000 0.000000
3 1707737050 0.000000 1 0.000000 0.000000 0.000000
4 1707737050 0.000000 1 0.000000 0.000000 0.000000
1 1707737051 1.000000 1 1.000000 1.000000 1.000000
2 1707737051 0.000000 1 0.000000 0.000000 0.000000
3 1707737051 0.000000 1 0.000000 0.000000 0.000000
4 1707737051 0.000000 1 0.000000 0.000000 0.000000
1 1707737052 1.000000 1 1.000000 1.000000 1.000000
2 1707737052 0.000000 1 0.000000 0.000000 0.000000
3 1707737052 0.000000 1 0.000000 0.000000 0.000000
4 1707737052 0.000000 1 0.000000 0.000000 0.000000
1 1707737053 1.000000 1 1.000000 1.000000 1.000000
2 1707737053 0.000000 1 0.000000 0.000000 0.000000
3 1707737053 0.000000 1 0.000000 0.000000 0.000000
4 1707737053 0.000000 1 0.000000 0.000000 0.000000
1 1707737054 1.000000 1 1.000000 1.000000 1.000000
2 1707737054 0.000000 1 0.000000 0.000000 0.000000
3 1707737054 0.000000 1 0.000000 0.000000 0.000000
4 1707737054 0.000000 1 0.000000 0.000000 0.000000
1 1707737055 1.000000 1 1.000000 1.000000 1.000000
2 1707737055 0.000000 1 0.000000 0.000000 0.000000
3 1707737055 0.000000 1 0.000000 0.000000 0.000000
4 1707737055 0.000000 1 0.000000 0.000000 0.000000
1 1707737056 1.000000 1 1.000000 1.000000 1.000000
2 1707737056 0.000000 1 0.000000 0.000000 0.000000
3 1707737056 0.000000 1 0.000000 0.000000 0.000000
4 1707737056 0.000000 1 0.000000 0.000000 0.000000
1 1707737057 1.000000 1 1.000000 1.000000 1.000000
2 1707737057 0.000000 1 0.000000 0.000000 0.000000
3 1707737057 0.000000 1 0.000000 0.000000 0.000000
4 1707737057 0.000000 1 0.000000 0.000000 0.000000
1 1707737058 1.000000 1 1.000000 1.000000 1.000000
2 1707737058 0.000000 1 0.000000 0.000000 0.000000
3 1707737058 0.000000 1 0.000000 0.000000 0.000000
4 1707737058 0.000000 1 0.000000 0.000000 0.000000
1 1707737059 1.000000 1 1.000000 1.000000 1.000000
2 1707737059 0.000000 1 0.000000 0.000000 0.000000
3 1707737059 0.000000 1 0.000000 0.000000 0.000000
4 1707737059 1.000000 1 1.000000 1.000000 1.000000
1 1707737060 1.000000 1 1.000000 1.000000 1.000000
2 1707737060 0.000000 1 0.000000 0.000000 0.000000
3 1707737060 0.000000 1 0.000000 0.000000 0.000000
4 1707737060 1.000000 1 1.000000 1.000000 1.000000
1 1707737061 1.000000 1 1.000000 1.000000 1.000000
2 1707737061 0.000000 1 0.000000 0.000000 0.000000
3 1707737061 0.000000 1 0.000000 0.000000 0.000000
4 1707737061 1.000000 1 1.000000 1.000000 1.000000
1 1707737062 1.000000 1 1.000000 1.000000 1.000000
2 1707737062 0.000000 1 0.000000 0.000000 0.000000
3 1707737062 0.000000 1 0.000000 0.000000 0.000000
4 1707737062 1.000000 1 1.000000 1.000000 1.000000
1 1707737064 1.000000 1 1.000000 1.000000 1.000000
2 1707737064 0.000000 1 0.000000 0.000000 0.000000
3 1707737064 0.000000 1 0.000000 0.000000 0.000000
4 1707737064 1.000000 1 1.000000 1.000000 1.000000
1 1707737065 1.000000 1 1.000000 1.000000 1.000000
2 1707737065 0.000000 1 0.000000 0.000000 0.000000
3 1707737065 0.000000 1 0.000000 0.000000 0.000000
4 1707737065 1.000000 1 1.000000 1.000000 1.000000
1 1707737066 1.000000 1 1.000000 1.000000 1.000000
2 1707737066 0.000000 1 0.000000 0.000000 0.000000
3 1707737066 0.000000 1 0.000000 0.000000 0.000000
4 1707737066 1.000000 1 1.000000 1.000000 1.000000
1 1707737067 1.000000 1 1.000000 1.000000 1.000000
2 1707737067 0.000000 1 0.000000 0.000000 0.000000
3 1707737067 0.000000 1 0.000000 0.000000 0.000000
4 1707737067 1.000000 1 1.000000 1.000000 1.000000
1 1707737068 2.000000 1 2.000000 2.000000 2.000000
2 1707737068 0.000000 1 0.000000 0.000000 0.000000
3 1707737068 0.000000 1 0.000000 0.000000 0.000000
4 1707737068 1.000000 1 1.000000 1.000000 1.000000
1 1707737069 2.000000 1 2.000000 2.000000 2.000000
2 1707737069 0.000000 1 0.000000 0.000000 0.000000
3 1707737069 0.000000 1 0.000000 0.000000 0.000000
4 1707737069 1.000000 1 1.000000 1.000000 1.000000
1 1707737070 2.000000 1 2.000000 2.000000 2.000000
2 1707737070 0.000000 1 0.000000 0.000000 0.000000
3 1707737070 0.000000 1 0.000000 0.000000 0.000000
4 1707737070 1.000000 1 1.000000 1.000000 1.000000
1 1707737071 2.000000 1 2.000000 2.000000 2.000000
2 1707737071 0.000000 1 0.000000 0.000000 0.000000
3 1707737071 0.000000 1 0.000000 0.000000 0.000000
4 1707737071 1.000000 1 1.000000 1.000000 1.000000
1 1707737072 2.000000 1 2.000000 2.000000 2.000000
2 1707737072 0.000000 1 0.000000 0.000000 0.000000
3 1707737072 0.000000 1 0.000000 0.000000 0.000000
4 1707737072 1.000000 1 1.000000 1.000000 1.000000
1 1707737073 2.000000 1 2.000000 2.000000 2.000000
2 1707737073 0.000000 1 0.000000 0.000000 0.000000
3 1707737073 0.000000 1 0.000000 0.000000 0.000000
4 1707737073 1.000000 1 1.000000 1.000000 1.000000
1 1707737074 2.000000 1 2.000000 2.000000 2.000000
2 1707737074 0.000000 1 0.000000 0.000000 0.000000
3 1707737074 0.000000 1 0.000000 0.000000 0.000000
4 1707737074 1.000000 1 1.000000 1.000000 1.000000
1 1707737075 3.000000 1 3.000000 3.000000 3.000000
2 1707737075 0.000000 1 0.000000 0.000000 0.000000
3 1707737075 0.000000 1 0.000000 0.000000 0.000000
4 1707737075 1.000000 1 1.000000 1.000000 1.000000
1 1707737076 3.000000 1 3.000000 3.000000 3.000000
2 1707737076 0.000000 1 0.000000 0.000000 0.000000
3 1707737076 0.000000 1 0.000000 0.000000 0.000000
4 1707737076 1.000000 1 1.000000 1.000000 1.000000
1 1707737077 3.000000 1 3.000000 3.000000 3.000000
2 1707737077 0.000000 1 0.000000 0.000000 0.000000
3 1707737077 0.000000 1 0.000000 0.000000 0.000000
4 1707737077 1.000000 1 1.000000 1.000000 1.000000
1 1707737078 3.000000 1 3.000000 3.000000 3.000000
2 1707737078 0.000000 1 0.000000 0.000000 0.000000
3 1707737078 0.000000 1 0.000000 0.000000 0.000000
4 1707737078 1.000000 1 1.000000 1.000000 1.000000
1 1707737079 3.000000 1 3.000000 3.000000 3.000000
2 1707737079 0.000000 1 0.000000 0.000000 0.000000
3 1707737079 0.000000 1 0.000000 0.000000 0.000000
4 1707737079 1.000000 1 1.000000 1.000000 1.000000
1 1707737080 3.000000 1 3.000000 3.000000 3.000000
2 1707737080 0.000000 1 0.000000 0.000000 0.000000
3 1707737080 0.000000 1 0.000000 0.000000 0.000000
4 1707737080 1.000000 1 1.000000 1.000000 1.000000
1 1707737081 3.000000 1 3.000000 3.000000 3.000000
2 1707737081 0.000000 1 0.000000 0.000000 0.000000
3 1707737081 0.000000 1 0.000000 0.000000 0.000000
4 1707737081 1.000000 1 1.000000 1.000000 1.000000
1 1707737082 3.000000 1 3.000000 3.000000 3.000000
2 1707737082 0.000000 1 0.000000 0.000000 0.000000
3 1707737082 0.000000 1 0.000000 0.000000 0.000000
4 1707737082 1.000000 1 1.000000 1.000000 1.000000
1 1707737083 3.000000 1 3.000000 3.000000 3.000000
2 1707737083 0.000000 1 0.000000 0.000000 0.000000
3 1707737083 0.000000 1 0.000000 0.000000 0.000000
4 1707737083 1.000000 1 1.000000 1.000000 1.000000
1 1707737084 3.000000 1 3.000000 3.000000 3.000000
2 1707737084 0.000000 1 0.000000 0.000000 0.000000
3 1707737084 0.000000 1 0.000000 0.000000 0.000000
4 1707737084 1.000000 1 1.000000 1.000000 1.000000
1 1707737085 4.000000 1 4.000000 4.000000 4.000000
2 1707737085 0.000000 1 0.000000 0.000000 0.000000
3 1707737085 0.000000 1 0.000000 0.000000 0.000000
4 1707737085 1.000000 1 1.000000 1.000000 1.000000
1 1707737086 4.000000 1 4.000000 4.000000 4.000000
2 1707737086 0.000000 1 0.000000 0.000000 0.000000
3 1707737086 0.000000 1 0.000000 0.000000 0.000000
4 1707737086 1.000000 1 1.000000 1.000000 1.000000
1 1707737087 4.000000 1 4.000000 4.000000 4.000000
2 1707737087 0.000000 1 0.000000 0.000000 0.000000
3 1707737087 0.000000 1 0.000000 0.000000 0.000000
4 1707737087 1.000000 1 1.000000 1.000000 1.000000
1 1707737088 4.000000 1 4.000000 4.000000 4.000000
2 1707737088 0.000000 1 0.000000 0.000000 0.000000
3 1707737088 0.000000 1 0.000000 0.000000 0.000000
4 1707737088 1.000000 1 1.000000 1.000000 1.000000
1 1707737089 4.000000 1 4.000000 4.000000 4.000000
2 1707737089 0.000000 1 0.000000 0.000000 0.000000
3 1707737089 0.000000 1 0.000000 0.000000 0.000000
4 1707737089 1.000000 1 1.000000 1.000000 1.000000
1 1707737090 4.000000 1 4.000000 4.000000 4.000000
2 1707737090 0.000000 1 0.000000 0.000000 0.000000
3 1707737090 0.000000 1 0.000000 0.000000 0.000000
4 1707737090 1.000000 1 1.000000 1.000000 1.000000
1 1707737091 4.000000 1 4.000000 4.000000 4.000000
2 1707737091 0.000000 1 0.000000 0.000000 0.000000
3 1707737091 0.000000 1 0.000000 0.000000 0.000000
4 1707737091 1.000000 1 1.000000 1.000000 1.000000
1 1707737092 4.000000 1 4.000000 4.000000 4.000000
2 1707737092 0.000000 1 0.000000 0.000000 0.000000
3 1707737092 0.000000 1 0.000000 0.000000 0.000000
4 1707737092 1.000000 1 1.000000 1.000000 1.000000
1 1707737093 4.000000 1 4.000000 4.000000 4.000000
2 1707737093 0.000000 1 0.000000 0.000000 0.000000
3 1707737093 0.000000 1 0.000000 0.000000 0.000000
4 1707737093 1.000000 1 1.000000 1.000000 1.000000
1 1707737094 4.000000 1 4.000000 4.000000 4.000000
2 1707737094 0.000000 1 0.000000 0.000000 0.000000
3 1707737094 0.000000 1 0.000000 0.000000 0.000000
4 1707737094 1.000000 1 1.000000 1.000000 1.000000
1 1707737095 4.000000 1 4.000000 4.000000 4.000000
2 1707737095 0.000000 1 0.000000 0.000000 0.000000
3 1707737095 0.000000 1 0.000000 0.000000 0.000000
4 1707737095 1.000000 1 1.000000 1.000000 1.000000
1 1707737096 4.000000 1 4.000000 4.000000 4.000000
2 1707737096 0.000000 1 0.000000 0.000000 0.000000
3 1707737096 0.000000 1 0.000000 0.000000 0.000000
4 1707737096 1.000000 1 1.000000 1.000000 1.000000
1 1707737097 4.000000 1 4.000000 4.000000 4.000000
2 1707737097 0.000000 1 0.000000 0.000000 0.000000
3 1707737097 0.000000 1 0.000000 0.000000 0.000000
4 1707737097 1.000000 1 1.000000 1.000000 1.000000
1 1707737098 4.000000 1 4.000000 4.000000 4.000000
2 1707737098 0.000000 1 0.000000 0.000000 0.000000
3 1707737098 0.000000 1 0.000000 0.000000 0.000000
4 1707737098 1.000000 1 1.000000 1.000000 1.000000
1 1707737099 4.000000 1 4.000000 4.000000 4.000000
2 1707737099 0.000000 1 0.000000 0.000000 0.000000
3 1707737099 0.000000 1 0.000000 0.000000 0.000000
4 1707737099 1.000000 1 1.000000 1.000000 1.000000
1 1707737100 4.000000 1 4.000000 4.000000 4.000000
2 1707737100 0.000000 1 0.000000 0.000000 0.000000
3 1707737100 0.000000 1 0.000000 0.000000 0.000000
4 1707737100 1.000000 1 1.000000 1.000000 1.000000
1 1707737101 4.000000 1 4.000000 4.000000 4.000000
2 1707737101 0.000000 1 0.000000 0.000000 0.000000
3 1707737101 0.000000 1 0.000000 0.000000 0.000000
4 1707737101 1.000000 1 1.000000 1.000000 1.000000
1 1707737102 4.000000 1 4.000000 4.000000 4.000000
2 1707737102 0.000000 1 0.000000 0.000000 0.000000
3 1707737102 0.000000 1 0.000000 0.000000 0.000000
4 1707737102 1.000000 1 1.000000 1.000000 1.000000
1 1707737103 4.000000 1 4.000000 4.000000 4.000000
2 1707737103 0.000000 1 0.000000 0.000000 0.000000
3 1707737103 0.000000 1 0.000000 0.000000 0.000000
4 1707737103 1.000000 1 1.000000 1.000000 1.000000
1 1707737104 4.000000 1 4.000000 4.000000 4.000000
2 1707737104 0.000000 1 0.000000 0.000000 0.000000
3 1707737104 0.000000 1 0.000000 0.000000 0.000000
4 1707737104 1.000000 1 1.000000 1.000000 1.000000
1 1707737105 4.000000 1 4.000000 4.000000 4.000000
2 1707737105 0.000000 1 0.000000 0.000000 0.000000
3 1707737105 0.000000 1 0.000000 0.000000 0.000000
4 1707737105 1.000000 1 1.000000 1.000000 1.000000
1 1707737106 4.000000 1 4.000000 4.000000 4.000000
2 1707737106 0.000000 1 0.000000 0.000000 0.000000
3 1707737106 0.000000 1 0.000000 0.000000 0.000000
4 1707737106 1.000000 1 1.000000 1.000000 1.000000
1 1707737107 4.000000 1 4.000000 4.000000 4.000000
2 1707737107 0.000000 1 0.000000 0.000000 0.000000
3 1707737107 0.000000 1 0.000000 0.000000 0.000000
4 1707737107 1.000000 1 1.000000 1.000000 1.000000
1 1707737108 4.000000 1 4.000000 4.000000 4.000000
2 1707737108 0.000000 1 0.000000 0.000000 0.000000
3 1707737108 0.000000 1 0.000000 0.000000 0.000000
4 1707737108 1.000000 1 1.000000 1.000000 1.000000
1 1707737109 4.000000 1 4.000000 4.000000 4.000000
2 1707737109 0.000000 1 0.000000 0.000000 0.000000
3 1707737109 0.000000 1 0.000000 0.000000 0.000000
4 1707737109 1.000000 1 1.000000 1.000000 1.000000
1 1707737110 4.000000 1 4.000000 4.000000 4.000000
2 1707737110 0.000000 1 0.000000 0.000000 0.000000
3 1707737110 0.000000 1 0.000000 0.000000 0.000000
4 1707737110 1.000000 1 1.000000 1.000000 1.000000
1 1707737111 4.000000 1 4.000000 4.000000 4.000000
2 1707737111 0.000000 1 0.000000 0.000000 0.000000
3 1707737111 0.000000 1 0.000000 0.000000 0.000000
4 1707737111 1.000000 1 1.000000 1.000000 1.000000
1 1707737112 4.000000 1 4.000000 4.000000 4.000000
2 1707737112 0.000000 1 0.000000 0.000000 0.000000
3 1707737112 0.000000 1 0.000000 0.000000 0.000000
4 1707737112 1.000000 1 1.000000 1.000000 1.000000
1 1707737113 4.000000 1 4.000000 4.000000 4.000000
2 1707737113 0.000000 1 0.000000 0.000000 0.000000
3 1707737113 0.000000 1 0.000000 0.000000 0.000000
4 1707737113 1.000000 1 1.000000 1.000000 1.000000
1 1707737114 4.000000 1 4.000000 4.000000 4.000000
2 1707737114 0.000000 1 0.000000 0.000000 0.000000
3 1707737114 0.000000 1 0.000000 0.000000 0.000000
4 1707737114 1.000000 1 1.000000 1.000000 1.000000
1 1707737115 4.000000 1 4.000000 4.000000 4.000000
2 1707737115 0.000000 1 0.000000 0.000000 0.000000
3 1707737115 0.000000 1 0.000000 0.000000 0.000000
4 1707737115 1.000000 1 1.000000 1.000000 1.000000
1 1707737116 4.000000 1 4.000000 4.000000 4.000000
2 1707737116 0.000000 1 0.000000 0.000000 0.000000
3 1707737116 0.000000 1 0.000000 0.000000 0.000000
4 1707737116 1.000000 1 1.000000 1.000000 1.000000
1 1707737117 4.000000 1 4.000000 4.000000 4.000000
2 1707737117 0.000000 1 0.000000 0.000000 0.000000
3 1707737117 0.000000 1 0.000000 0.000000 0.000000
4 1707737117 1.000000 1 1.000000 1.000000 1.000000
1 1707737118 4.000000 1 4.000000 4.000000 4.000000
2 1707737118 0.000000 1 0.000000 0.000000 0.000000
3 1707737118 0.000000 1 0.000000 0.000000 0.000000
4 1707737118 1.000000 1 1.000000 1.000000 1.000000
1 1707737119 4.000000 1 4.000000 4.000000 4.000000
2 1707737119 0.000000 1 0.000000 0.000000 0.000000
3 1707737119 0.000000 1 0.000000 0.000000 0.000000
4 1707737119 1.000000 1 1.000000 1.000000 1.000000
1 1707737120 4.000000 1 4.000000 4.000000 4.000000
2 1707737120 0.000000 1 0.000000 0.000000 0.000000
3 1707737120 0.000000 1 0.000000 0.000000 0.000000
4 1707737120 1.000000 1 1.000000 1.000000 1.000000
1 1707737121 4.000000 1 4.000000 4.000000 4.000000
2 1707737121 0.000000 1 0.000000 0.000000 0.000000
3 1707737121 0.000000 1 0.000000 0.000000 0.000000
4 1707737121 1.000000 1 1.000000 1.000000 1.000000
1 1707737122 4.000000 1 4.000000 4.000000 4.000000
2 1707737122 0.000000 1 0.000000 0.000000 0.000000
3 1707737122 0.000000 1 0.000000 0.000000 0.000000
4 1707737122 1.000000 1 1.000000 1.000000 1.000000
1 1707737123 4.000000 1 4.000000 4.000000 4.000000
2 1707737123 0.000000 1 0.000000 0.000000 0.000000
3 1707737123 0.000000 1 0.000000 0.000000 0.000000
4 1707737123 1.000000 1 1.000000 1.000000 1.000000
1 1707737125 4.000000 1 4.000000 4.000000 4.000000
2 1707737125 0.000000 1 0.000000 0.000000 0.000000
3 1707737125 0.000000 1 0.000000 0.000000 0.000000
4 1707737125 1.000000 1 1.000000 1.000000 1.000000
1 1707737126 4.000000 1 4.000000 4.000000 4.000000
2 1707737126 0.000000 1 0.000000 0.000000 0.000000
3 1707737126 0.000000 1 0.000000 0.000000 0.000000
4 1707737126 1.000000 1 1.000000 1.000000 1.000000
1 1707737127 4.000000 1 4.000000 4.000000 4.000000
2 1707737127 0.000000 1 0.000000 0.000000 0.000000
3 1707737127 0.000000 1 0.000000 0.000000 0.000000
4 1707737127 1.000000 1 1.000000 1.000000 1.000000
1 1707737128 4.000000 1 4.000000 4.000000 4.000000
2 1707737128 0.000000 1 0.000000 0.000000 0.000000
3 1707737128 0.000000 1 0.000000 0.000000 0.000000
4 1707737128 1.000000 1 1.000000 1.000000 1.000000
1 1707737129 4.000000 1 4.000000 4.000000 4.000000
2 1707737129 0.000000 1 0.000000 0.000000 0.000000
3 1707737129 0.000000 1 0.000000 0.000000 0.000000
4 1707737129 1.000000 1 1.000000 1.000000 1.000000
1 1707737130 4.000000 1 4.000000 4.000000 4.000000
2 1707737130 0.000000 1 0.000000 0.000000 0.000000
3 1707737130 0.000000 1 0.000000 0.000000 0.000000
4 1707737130 1.000000 1 1.000000 1.000000 1.000000
1 1707737131 4.000000 1 4.000000 4.000000 4.000000
2 1707737131 0.000000 1 0.000000 0.000000 0.000000
3 1707737131 0.000000 1 0.000000 0.000000 0.000000
4 1707737131 1.000000 1 1.000000 1.000000 1.000000
1 1707737132 4.000000 1 4.000000 4.000000 4.000000
2 1707737132 0.000000 1 0.000000 0.000000 0.000000
3 1707737132 0.000000 1 0.000000 0.000000 0.000000
4 1707737132 1.000000 1 1.000000 1.000000 1.000000
1 1707737133 4.000000 1 4.000000 4.000000 4.000000
2 1707737133 0.000000 1 0.000000 0.000000 0.000000
3 1707737133 0.000000 1 0.000000 0.000000 0.000000
4 1707737133 1.000000 1 1.000000 1.000000 1.000000
1 1707737134 4.000000 1 4.000000 4.000000 4.000000
2 1707737134 0.000000 1 0.000000 0.000000 0.000000
3 1707737134 0.000000 1 0.000000 0.000000 0.000000
4 1707737134 1.000000 1 1.000000 1.000000 1.000000
1 1707737135 4.000000 1 4.000000 4.000000 4.000000
2 1707737135 0.000000 1 0.000000 0.000000 0.000000
3 1707737135 0.000000 1 0.000000 0.000000 0.000000
4 1707737135 1.000000 1 1.000000 1.000000 1.000000
1 1707737136 4.000000 1 4.000000 4.000000 4.000000
2 1707737136 0.000000 1 0.000000 0.000000 0.000000
3 1707737136 0.000000 1 0.000000 0.000000 0.000000
4 1707737136 1.000000 1 1.000000 1.000000 1.000000
1 1707737137 4.000000 1 4.000000 4.000000 4.000000
2 1707737137 0.000000 1 0.000000 0.000000 0.000000
3 1707737137 0.000000 1 0.000000 0.000000 0.000000
4 1707737137 1.000000 1 1.000000 1.000000 1.000000
1 1707737138 4.000000 1 4.000000 4.000000 4.000000
2 1707737138 0.000000 1 0.000000 0.000000 0.000000
3 1707737138 0.000000 1 0.000000 0.000000 0.000000
4 1707737138 1.000000 1 1.000000 1.000000 1.000000
1 1707737139 4.000000 1 4.000000 4.000000 4.000000
2 1707737139 0.000000 1 0.000000 0.000000 0.000000
3 1707737139 0.000000 1 0.000000 0.000000 0.000000
4 1707737139 1.000000 1 1.000000 1.000000 1.000000
1 1707737140 4.000000 1 4.000000 4.000000 4.000000
2 1707737140 0.000000 1 0.000000 0.000000 0.000000
3 1707737140 0.000000 1 0.000000 0.000000 0.000000
4 1707737140 1.000000 1 1.000000 1.000000 1.000000
1 1707737141 4.000000 1 4.000000 4.000000 4.000000
2 1707737141 0.000000 1 0.000000 0.000000 0.000000
3 1707737141 0.000000 1 0.000000 0.000000 0.000000
4 1707737141 1.000000 1 1.000000 1.000000 1.000000
1 1707737142 4.000000 1 4.000000 4.000000 4.000000
2 1707737142 0.000000 1 0.000000 0.000000 0.000000
3 1707737142 0.000000 1 0.000000 0.000000 0.000000
4 1707737142 1.000000 1 1.000000 1.000000 1.000000
1 1707737143 4.000000 1 4.000000 4.000000 4.000000
2 1707737143 0.000000 1 0.000000 0.000000 0.000000
3 1707737143 0.000000 1 0.000000 0.000000 0.000000
4 1707737143 1.000000 1 1.000000 1.000000 1.000000
1 1707737144 4.000000 1 4.000000 4.000000 4.000000
2 1707737144 0.000000 1 0.000000 0.000000 0.000000
3 1707737144 0.000000 1 0.000000 0.000000 0.000000
4 1707737144 1.000000 1 1.000000 1.000000 1.000000
1 1707737145 4.000000 1 4.000000 4.000000 4.000000
2 1707737145 0.000000 1 0.000000 0.000000 0.000000
3 1707737145 0.000000 1 0.000000 0.000000 0.000000
4 1707737145 1.000000 1 1.000000 1.000000 1.000000
1 1707737146 4.000000 1 4.000000 4.000000 4.000000
2 1707737146 0.000000 1 0.000000 0.000000 0.000000
3 1707737146 0.000000 1 0.000000 0.000000 0.000000
4 1707737146 1.000000 1 1.000000 1.000000 1.000000
1 1707737147 4.000000 1 4.000000 4.000000 4.000000
2 1707737147 0.000000 1 0.000000 0.000000 0.000000
3 1707737147 0.000000 1 0.000000 0.000000 0.000000
4 1707737147 1.000000 1 1.000000 1.000000 1.000000
1 1707737148 4.000000 1 4.000000 4.000000 4.000000
2 1707737148 0.000000 1 0.000000 0.000000 0.000000
3 1707737148 0.000000 1 0.000000 0.000000 0.000000
4 1707737148 1.000000 1 1.000000 1.000000 1.000000
1 1707737149 4.000000 1 4.000000 4.000000 4.000000
2 1707737149 0.000000 1 0.000000 0.000000 0.000000
3 1707737149 0.000000 1 0.000000 0.000000 0.000000
4 1707737149 1.000000 1 1.000000 1.000000 1.000000
1 1707737150 4.000000 1 4.000000 4.000000 4.000000
2 1707737150 0.000000 1 0.000000 0.000000 0.000000
3 1707737150 0.000000 1 0.000000 0.000000 0.000000
4 1707737150 1.000000 1 1.000000 1.000000 1.000000
1 1707737151 4.000000 1 4.000000 4.000000 4.000000
2 1707737151 0.000000 1 0.000000 0.000000 0.000000
3 1707737151 0.000000 1 0.000000 0.000000 0.000000
4 1707737151 1.000000 1 1.000000 1.000000 1.000000
1 1707737152 4.000000 1 4.000000 4.000000 4.000000
2 1707737152 0.000000 1 0.000000 0.000000 0.000000
3 1707737152 0.000000 1 0.000000 0.000000 0.000000
4 1707737152 1.000000 1 1.000000 1.000000 1.000000
1 1707737153 4.000000 1 4.000000 4.000000 4.000000
2 1707737153 0.000000 1 0.000000 0.000000 0.000000
3 1707737153 0.000000 1 0.000000 0.000000 0.000000
4 1707737153 1.000000 1 1.000000 1.000000 1.000000
1 1707737154 4.000000 1 4.000000 4.000000 4.000000
2 1707737154 0.000000 1 0.000000 0.000000 0.000000
3 1707737154 0.000000 1 0.000000 0.000000 0.000000
4 1707737154 1.000000 1 1.000000 1.000000 1.000000
1 1707737155 4.000000 1 4.000000 4.000000 4.000000
2 1707737155 0.000000 1 0.000000 0.000000 0.000000
3 1707737155 0.000000 1 0.000000 0.000000 0.000000
4 1707737155 1.000000 1 1.000000 1.000000 1.000000
1 1707737156 4.000000 1 4.000000 4.000000 4.000000
2 1707737156 0.000000 1 0.000000 0.000000 0.000000
3 1707737156 0.000000 1 0.000000 0.000000 0.000000
4 1707737156 1.000000 1 1.000000 1.000000 1.000000
1 1707737157 4.000000 1 4.000000 4.000000 4.000000
2 1707737157 0.000000 1 0.000000 0.000000 0.000000
3 1707737157 0.000000 1 0.000000 0.000000 0.000000
4 1707737157 1.000000 1 1.000000 1.000000 1.000000
1 1707737158 4.000000 1 4.000000 4.000000 4.000000
2 1707737158 0.000000 1 0.000000 0.000000 0.000000
3 1707737158 0.000000 1 0.000000 0.000000 0.000000
4 1707737158 1.000000 1 1.000000 1.000000 1.000000
1 1707737159 4.000000 1 4.000000 4.000000 4.000000
2 1707737159 0.000000 1 0.000000 0.000000 0.000000
3 1707737159 0.000000 1 0.000000 0.000000 0.000000
4 1707737159 1.000000 1 1.000000 1.000000 1.000000
1 1707737160 4.000000 1 4.000000 4.000000 4.000000
2 1707737160 0.000000 1 0.000000 0.000000 0.000000
3 1707737160 0.000000 1 0.000000 0.000000 0.000000
4 1707737160 1.000000 1 1.000000 1.000000 1.000000
1 1707737161 4.000000 1 4.000000 4.000000 4.000000
2 1707737161 0.000000 1 0.000000 0.000000 0.000000
3 1707737161 0.000000 1 0.000000 0.000000 0.000000
4 1707737161 1.000000 1 1.000000 1.000000 1.000000
1 1707737162 4.000000 1 4.000000 4.000000 4.000000
2 1707737162 0.000000 1 0.000000 0.000000 0.000000
3 1707737162 0.000000 1 0.000000 0.000000 0.000000
4 1707737162 1.000000 1 1.000000 1.000000 1.000000
1 1707737163 4.000000 1 4.000000 4.000000 4.000000
2 1707737163 0.000000 1 0.000000 0.000000 0.000000
3 1707737163 0.000000 1 0.000000 0.000000 0.000000
4 1707737163 1.000000 1 1.000000 1.000000 1.000000
1 1707737164 4.000000 1 4.000000 4.000000 4.000000
2 1707737164 0.000000 1 0.000000 0.000000 0.000000
3 1707737164 0.000000 1 0.000000 0.000000 0.000000
4 1707737164 1.000000 1 1.000000 1.000000 1.000000
1 1707737165 4.000000 1 4.000000 4.000000 4.000000
2 1707737165 0.000000 1 0.000000 0.000000 0.000000
3 1707737165 0.000000 1 0.000000 0.000000 0.000000
4 1707737165 1.000000 1 1.000000 1.000000 1.000000
1 1707737166 4.000000 1 4.000000 4.000000 4.000000
2 1707737166 0.000000 1 0.000000 0.000000 0.000000
3 1707737166 0.000000 1 0.000000 0.000000 0.000000
4 1707737166 1.000000 1 1.000000 1.000000 1.000000
1 1707737167 4.000000 1 4.000000 4.000000 4.000000
2 1707737167 0.000000 1 0.000000 0.000000 0.000000
3 1707737167 0.000000 1 0.000000 0.000000 0.000000
4 1707737167 1.000000 1 1.000000 1.000000 1.000000
1 1707737168 4.000000 1 4.000000 4.000000 4.000000
2 1707737168 0.000000 1 0.000000 0.000000 0.000000
3 1707737168 0.000000 1 0.000000 0.000000 0.000000
4 1707737168 1.000000 1 1.000000 1.000000 1.000000
1 1707737169 4.000000 1 4.000000 4.000000 4.000000
2 1707737169 0.000000 1 0.000000 0.000000 0.000000
3 1707737169 0.000000 1 0.000000 0.000000 0.000000
4 1707737169 1.000000 1 1.000000 1.000000 1.000000
1 1707737170 4.000000 1 4.000000 4.000000 4.000000
2 1707737170 0.000000 1 0.000000 0.000000 0.000000
3 1707737170 0.000000 1 0.000000 0.000000 0.000000
4 1707737170 1.000000 1 1.000000 1.000000 1.000000
1 1707737171 4.000000 1 4.000000 4.000000 4.000000
2 1707737171 0.000000 1 0.000000 0.000000 0.000000
3 1707737171 0.000000 1 0.000000 0.000000 0.000000
4 1707737171 1.000000 1 1.000000 1.000000 1.000000
1 1707737172 4.000000 1 4.000000 4.000000 4.000000
2 1707737172 0.000000 1 0.000000 0.000000 0.000000
3 1707737172 0.000000 1 0.000000 0.000000 0.000000
4 1707737172 1.000000 1 1.000000 1.000000 1.000000
1 1707737173 4.000000 1 4.000000 4.000000 4.000000
2 1707737173 0.000000 1 0.000000 0.000000 0.000000
3 1707737173 0.000000 1 0.000000 0.000000 0.000000
4 1707737173 1.000000 1 1.000000 1.000000 1.000000
1 1707737174 4.000000 1 4.000000 4.000000 4.000000
2 1707737174 0.000000 1 0.000000 0.000000 0.000000
3 1707737174 0.000000 1 0.000000 0.000000 0.000000
4 1707737174 1.000000 1 1.000000 1.000000 1.000000
1 1707737175 4.000000 1 4.000000 4.000000 4.000000
2 1707737175 0.000000 1 0.000000 0.000000 0.000000
3 1707737175 0.000000 1 0.000000 0.000000 0.000000
4 1707737175 1.000000 1 1.000000 1.000000 1.000000
1 1707737176 4.000000 1 4.000000 4.000000 4.000000
2 1707737176 0.000000 1 0.000000 0.000000 0.000000
3 1707737176 0.000000 1 0.000000 0.000000 0.000000
4 1707737176 1.000000 1 1.000000 1.000000 1.000000
1 1707737177 4.000000 1 4.000000 4.000000 4.000000
2 1707737177 0.000000 1 0.000000 0.000000 0.000000
3 1707737177 0.000000 1 0.000000 0.000000 0.000000
4 1707737177 1.000000 1 1.000000 1.000000 1.000000
1 1707737178 4.000000 1 4.000000 4.000000 4.000000
2 1707737178 0.000000 1 0.000000 0.000000 0.000000
3 1707737178 0.000000 1 0.000000 0.000000 0.000000
4 1707737178 1.000000 1 1.000000 1.000000 1.000000
1 1707737179 4.000000 1 4.000000 4.000000 4.000000
2 1707737179 0.000000 1 0.000000 0.000000 0.000000
3 1707737179 0.000000 1 0.000000 0.000000 0.000000
4 1707737179 1.000000 1 1.000000 1.000000 1.000000
1 1707737180 4.000000 1 4.000000 4.000000 4.000000
2 1707737180 0.000000 1 0.000000 0.000000 0.000000
3 1707737180 0.000000 1 0.000000 0.000000 0.000000
4 1707737180 1.000000 1 1.000000 1.000000 1.000000
1 1707737181 4.000000 1 4.000000 4.000000 4.000000
2 1707737181 0.000000 1 0.000000 0.000000 0.000000
3 1707737181 0.000000 1 0.000000 0.000000 0.000000
4 1707737181 1.000000 1 1.000000 1.000000 1.000000
1 1707737182 4.000000 1 4.000000 4.000000 4.000000
2 1707737182 0.000000 1 0.000000 0.000000 0.000000
3 1707737182 0.000000 1 0.000000 0.000000 0.000000
4 1707737182 1.000000 1 1.000000 1.000000 1.000000
1 1707737183 4.000000 1 4.000000 4.000000 4.000000
2 1707737183 0.000000 1 0.000000 0.000000 0.000000
3 1707737183 0.000000 1 0.000000 0.000000 0.000000
4 1707737183 1.000000 1 1.000000 1.000000 1.000000
1 1707737184 4.000000 1 4.000000 4.000000 4.000000
2 1707737184 0.000000 1 0.000000 0.000000 0.000000
3 1707737184 0.000000 1 0.000000 0.000000 0.000000
4 1707737184 1.000000 1 1.000000 1.000000 1.000000
1 1707737185 4.000000 1 4.000000 4.000000 4.000000
2 1707737185 0.000000 1 0.000000 0.000000 0.000000
3 1707737185 0.000000 1 0.000000 0.000000 0.000000
4 1707737185 1.000000 1 1.000000 1.000000 1.000000
1 1707737186 4.000000 1 4.000000 4.000000 4.000000
2 1707737186 0.000000 1 0.000000 0.000000 0.000000
3 1707737186 0.000000 1 0.000000 0.000000 0.000000
4 1707737186 1.000000 1 1.000000 1.000000 1.000000
1 1707737188 4.000000 1 4.000000 4.000000 4.000000
2 1707737188 0.000000 1 0.000000 0.000000 0.000000
3 1707737188 0.000000 1 0.000000 0.000000 0.000000
4 1707737188 1.000000 1 1.000000 1.000000 1.000000
1 1707737189 4.000000 1 4.000000 4.000000 4.000000
2 1707737189 0.000000 1 0.000000 0.000000 0.000000
3 1707737189 0.000000 1 0.000000 0.000000 0.000000
4 1707737189 1.000000 1 1.000000 1.000000 1.000000
1 1707737190 4.000000 1 4.000000 4.000000 4.000000
2 1707737190 0.000000 1 0.000000 0.000000 0.000000
3 1707737190 0.000000 1 0.000000 0.000000 0.000000
4 1707737190 1.000000 1 1.000000 1.000000 1.000000
1 1707737191 4.000000 1 4.000000 4.000000 4.000000
2 1707737191 0.000000 1 0.000000 0.000000 0.000000
3 1707737191 0.000000 1 0.000000 0.000000 0.000000
4 1707737191 1.000000 1 1.000000 1.000000 1.000000
1 1707737192 4.000000 1 4.000000 4.000000 4.000000
2 1707737192 0.000000 1 0.000000 0.000000 0.000000
3 1707737192 0.000000 1 0.000000 0.000000 0.000000
4 1707737192 1.000000 1 1.000000 1.000000 1.000000
1 1707737193 4.000000 1 4.000000 4.000000 4.000000
2 1707737193 0.000000 1 0.000000 0.000000 0.000000
3 1707737193 0.000000 1 0.000000 0.000000 0.000000
4 1707737193 1.000000 1 1.000000 1.000000 1.000000
1 1707737194 4.000000 1 4.000000 4.000000 4.000000
2 1707737194 0.000000 1 0.000000 0.000000 0.000000
3 1707737194 0.000000 1 0.000000 0.000000 0.000000
4 1707737194 1.000000 1 1.000000 1.000000 1.000000
1 1707737195 4.000000 1 4.000000 4.000000 4.000000
2 1707737195 0.000000 1 0.000000 0.000000 0.000000
3 1707737195 0.000000 1 0.000000 0.000000 0.000000
4 1707737195 1.000000 1 1.000000 1.000000 1.000000
1 1707737196 4.000000 1 4.000000 4.000000 4.000000
2 1707737196 0.000000 1 0.000000 0.000000 0.000000
3 1707737196 0.000000 1 0.000000 0.000000 0.000000
4 1707737196 1.000000 1 1.000000 1.000000 1.000000
1 1707737197 4.000000 1 4.000000 4.000000 4.000000
2 1707737197 0.000000 1 0.000000 0.000000 0.000000
3 1707737197 0.000000 1 0.000000 0.000000 0.000000
4 1707737197 1.000000 1 1.000000 1.000000 1.000000
1 1707737198 4.000000 1 4.000000 4.000000 4.000000
2 1707737198 0.000000 1 0.000000 0.000000 0.000000
3 1707737198 0.000000 1 0.000000 0.000000 0.000000
4 1707737198 1.000000 1 1.000000 1.000000 1.000000
1 1707737199 4.000000 1 4.000000 4.000000 4.000000
2 1707737199 0.000000 1 0.000000 0.000000 0.000000
3 1707737199 0.000000 1 0.000000 0.000000 0.000000
4 1707737199 1.000000 1 1.000000 1.000000 1.000000
1 1707737200 4.000000 1 4.000000 4.000000 4.000000
2 1707737200 0.000000 1 0.000000 0.000000 0.000000
3 1707737200 0.000000 1 0.000000 0.000000 0.000000
4 1707737200 1.000000 1 1.000000 1.000000 1.000000
1 1707737201 4.000000 1 4.000000 4.000000 4.000000
2 1707737201 0.000000 1 0.000000 0.000000 0.000000
3 1707737201 0.000000 1 0.000000 0.000000 0.000000
4 1707737201 1.000000 1 1.000000 1.000000 1.000000
1 1707737202 4.000000 1 4.000000 4.000000 4.000000
2 1707737202 0.000000 1 0.000000 0.000000 0.000000
3 1707737202 0.000000 1 0.000000 0.000000 0.000000
4 1707737202 1.000000 1 1.000000 1.000000 1.000000
1 1707737203 4.000000 1 4.000000 4.000000 4.000000
2 1707737203 0.000000 1 0.000000 0.000000 0.000000
3 1707737203 0.000000 1 0.000000 0.000000 0.000000
4 1707737203 1.000000 1 1.000000 1.000000 1.000000
1 1707737204 4.000000 1 4.000000 4.000000 4.000000
2 1707737204 0.000000 1 0.000000 0.000000 0.000000
3 1707737204 0.000000 1 0.000000 0.000000 0.000000
4 1707737204 1.000000 1 1.000000 1.000000 1.000000
1 1707737205 4.000000 1 4.000000 4.000000 4.000000
2 1707737205 0.000000 1 0.000000 0.000000 0.000000
3 1707737205 0.000000 1 0.000000 0.000000 0.000000
4 1707737205 1.000000 1 1.000000 1.000000 1.000000
1 1707737206 4.000000 1 4.000000 4.000000 4.000000
2 1707737206 0.000000 1 0.000000 0.000000 0.000000
3 1707737206 0.000000 1 0.000000 0.000000 0.000000
4 1707737206 1.000000 1 1.000000 1.000000 1.000000
1 1707737207 4.000000 1 4.000000 4.000000 4.000000
2 1707737207 0.000000 1 0.000000 0.000000 0.000000
3 1707737207 0.000000 1 0.000000 0.000000 0.000000
4 1707737207 1.000000 1 1.000000 1.000000 1.000000
1 1707737208 4.000000 1 4.000000 4.000000 4.000000
2 1707737208 0.000000 1 0.000000 0.000000 0.000000
3 1707737208 0.000000 1 0.000000 0.000000 0.000000
4 1707737208 1.000000 1 1.000000 1.000000 1.000000
1 1707737209 4.000000 1 4.000000 4.000000 4.000000
2 1707737209 0.000000 1 0.000000 0.000000 0.000000
3 1707737209 0.000000 1 0.000000 0.000000 0.000000
4 1707737209 1.000000 1 1.000000 1.000000 1.000000
1 1707737210 4.000000 1 4.000000 4.000000 4.000000
2 1707737210 0.000000 1 0.000000 0.000000 0.000000
3 1707737210 0.000000 1 0.000000 0.000000 0.000000
4 1707737210 1.000000 1 1.000000 1.000000 1.000000
1 1707737211 4.000000 1 4.000000 4.000000 4.000000
2 1707737211 0.000000 1 0.000000 0.000000 0.000000
3 1707737211 0.000000 1 0.000000 0.000000 0.000000
4 1707737211 1.000000 1 1.000000 1.000000 1.000000
1 1707737212 4.000000 1 4.000000 4.000000 4.000000
2 1707737212 0.000000 1 0.000000 0.000000 0.000000
3 1707737212 0.000000 1 0.000000 0.000000 0.000000
4 1707737212 1.000000 1 1.000000 1.000000 1.000000
1 1707737213 4.000000 1 4.000000 4.000000 4.000000
2 1707737213 0.000000 1 0.000000 0.000000 0.000000
3 1707737213 0.000000 1 0.000000 0.000000 0.000000
4 1707737213 1.000000 1 1.000000 1.000000 1.000000
1 1707737214 4.000000 1 4.000000 4.000000 4.000000
2 1707737214 0.000000 1 0.000000 0.000000 0.000000
3 1707737214 0.000000 1 0.000000 0.000000 0.000000
4 1707737214 1.000000 1 1.000000 1.000000 1.000000
1 1707737215 4.000000 1 4.000000 4.000000 4.000000
2 1707737215 0.000000 1 0.000000 0.000000 0.000000
3 1707737215 0.000000 1 0.000000 0.000000 0.000000
4 1707737215 1.000000 1 1.000000 1.000000 1.000000
1 1707737216 4.000000 1 4.000000 4.000000 4.000000
2 1707737216 0.000000 1 0.000000 0.000000 0.000000
3 1707737216 0.000000 1 0.000000 0.000000 0.000000
4 1707737216 1.000000 1 1.000000 1.000000 1.000000
1 1707737217 4.000000 1 4.000000 4.000000 4.000000
2 1707737217 0.000000 1 0.000000 0.000000 0.000000
3 1707737217 0.000000 1 0.000000 0.000000 0.000000
4 1707737217 1.000000 1 1.000000 1.000000 1.000000
1 1707737218 4.000000 1 4.000000 4.000000 4.000000
2 1707737218 0.000000 1 0.000000 0.000000 0.000000
3 1707737218 0.000000 1 0.000000 0.000000 0.000000
4 1707737218 1.000000 1 1.000000 1.000000 1.000000
1 1707737219 4.000000 1 4.000000 4.000000 4.000000
2 1707737219 0.000000 1 0.000000 0.000000 0.000000
3 1707737219 0.000000 1 0.000000 0.000000 0.000000
4 1707737219 1.000000 1 1.000000 1.000000 1.000000
1 1707737220 4.000000 1 4.000000 4.000000 4.000000
2 1707737220 0.000000 1 0.000000 0.000000 0.000000
3 1707737220 0.000000 1 0.000000 0.000000 0.000000
4 1707737220 1.000000 1 1.000000 1.000000 1.000000
1 1707737221 4.000000 1 4.000000 4.000000 4.000000
2 1707737221 0.000000 1 0.000000 0.000000 0.000000
3 1707737221 0.000000 1 0.000000 0.000000 0.000000
4 1707737221 1.000000 1 1.000000 1.000000 1.000000
1 1707737222 4.000000 1 4.000000 4.000000 4.000000
2 1707737222 0.000000 1 0.000000 0.000000 0.000000
3 1707737222 0.000000 1 0.000000 0.000000 0.000000
4 1707737222 1.000000 1 1.000000 1.000000 1.000000
1 1707737223 4.000000 1 4.000000 4.000000 4.000000
2 1707737223 0.000000 1 0.000000 0.000000 0.000000
3 1707737223 0.000000 1 0.000000 0.000000 0.000000
4 1707737223 1.000000 1 1.000000 1.000000 1.000000
1 1707737224 4.000000 1 4.000000 4.000000 4.000000
2 1707737224 0.000000 1 0.000000 0.000000 0.000000
3 1707737224 0.000000 1 0.000000 0.000000 0.000000
4 1707737224 1.000000 1 1.000000 1.000000 1.000000
1 1707737225 4.000000 1 4.000000 4.000000 4.000000
2 1707737225 0.000000 1 0.000000 0.000000 0.000000
3 1707737225 0.000000 1 0.000000 0.000000 0.000000
4 1707737225 1.000000 1 1.000000 1.000000 1.000000
1 1707737226 4.000000 1 4.000000 4.000000 4.000000
2 1707737226 0.000000 1 0.000000 0.000000 0.000000
3 1707737226 0.000000 1 0.000000 0.000000 0.000000
4 1707737226 1.000000 1 1.000000 1.000000 1.000000
1 1707737227 4.000000 1 4.000000 4.000000 4.000000
2 1707737227 0.000000 1 0.000000 0.000000 0.000000
3 1707737227 0.000000 1 0.000000 0.000000 0.000000
4 1707737227 1.000000 1 1.000000 1.000000 1.000000
1 1707737228 4.000000 1 4.000000 4.000000 4.000000
2 1707737228 0.000000 1 0.000000 0.000000 0.000000
3 1707737228 0.000000 1 0.000000 0.000000 0.000000
4 1707737228 1.000000 1 1.000000 1.000000 1.000000
1 1707737229 3.000000 1 3.000000 3.000000 3.000000
2 1707737229 0.000000 1 0.000000 0.000000 0.000000
3 1707737229 1.000000 1 1.000000 1.000000 1.000000
4 1707737229 1.000000 1 1.000000 1.000000 1.000000
1 1707737230 3.000000 1 3.000000 3.000000 3.000000
2 1707737230 0.000000 1 0.000000 0.000000 0.000000
3 1707737230 1.000000 1 1.000000 1.000000 1.000000
4 1707737230 1.000000 1 1.000000 1.000000 1.000000
1 1707737231 3.000000 1 3.000000 3.000000 3.000000
2 1707737231 0.000000 1 0.000000 0.000000 0.000000
3 1707737231 1.000000 1 1.000000 1.000000 1.000000
4 1707737231 1.000000 1 1.000000 1.000000 1.000000
1 1707737232 3.000000 1 3.000000 3.000000 3.000000
2 1707737232 0.000000 1 0.000000 0.000000 0.000000
3 1707737232 1.000000 1 1.000000 1.000000 1.000000
4 1707737232 1.000000 1 1.000000 1.000000 1.000000
1 1707737233 3.000000 1 3.000000 3.000000 3.000000
2 1707737233 0.000000 1 0.000000 0.000000 0.000000
3 1707737233 1.000000 1 1.000000 1.000000 1.000000
4 1707737233 1.000000 1 1.000000 1.000000 1.000000
1 1707737234 3.000000 1 3.000000 3.000000 3.000000
2 1707737234 0.000000 1 0.000000 0.000000 0.000000
3 1707737234 1.000000 1 1.000000 1.000000 1.000000
4 1707737234 1.000000 1 1.000000 1.000000 1.000000
1 1707737235 3.000000 1 3.000000 3.000000 3.000000
2 1707737235 0.000000 1 0.000000 0.000000 0.000000
3 1707737235 1.000000 1 1.000000 1.000000 1.000000
4 1707737235 1.000000 1 1.000000 1.000000 1.000000
1 1707737236 3.000000 1 3.000000 3.000000 3.000000
2 1707737236 0.000000 1 0.000000 0.000000 0.000000
3 1707737236 1.000000 1 1.000000 1.000000 1.000000
4 1707737236 1.000000 1 1.000000 1.000000 1.000000
1 1707737237 3.000000 1 3.000000 3.000000 3.000000
2 1707737237 0.000000 1 0.000000 0.000000 0.000000
3 1707737237 1.000000 1 1.000000 1.000000 1.000000
4 1707737237 1.000000 1 1.000000 1.000000 1.000000
1 1707737238 3.000000 1 3.000000 3.000000 3.000000
2 1707737238 0.000000 1 0.000000 0.000000 0.000000
3 1707737238 1.000000 1 1.000000 1.000000 1.000000
4 1707737238 1.000000 1 1.000000 1.000000 1.000000
1 1707737239 3.000000 1 3.000000 3.000000 3.000000
2 1707737239 0.000000 1 0.000000 0.000000 0.000000
3 1707737239 1.000000 1 1.000000 1.000000 1.000000
4 1707737239 1.000000 1 1.000000 1.000000 1.000000
1 1707737240 3.000000 1 3.000000 3.000000 3.000000
2 1707737240 0.000000 1 0.000000 0.000000 0.000000
3 1707737240 1.000000 1 1.000000 1.000000 1.000000
4 1707737240 1.000000 1 1.000000 1.000000 1.000000
1 1707737241 3.000000 1 3.000000 3.000000 3.000000
2 1707737241 0.000000 1 0.000000 0.000000 0.000000
3 1707737241 1.000000 1 1.000000 1.000000 1.000000
4 1707737241 1.000000 1 1.000000 1.000000 1.000000
1 1707737242 3.000000 1 3.000000 3.000000 3.000000
2 1707737242 0.000000 1 0.000000 0.000000 0.000000
3 1707737242 1.000000 1 1.000000 1.000000 1.000000
4 1707737242 1.000000 1 1.000000 1.000000 1.000000
1 1707737243 3.000000 1 3.000000 3.000000 3.000000
2 1707737243 0.000000 1 0.000000 0.000000 0.000000
3 1707737243 1.000000 1 1.000000 1.000000 1.000000
4 1707737243 1.000000 1 1.000000 1.000000 1.000000
1 1707737244 3.000000 1 3.000000 3.000000 3.000000
2 1707737244 0.000000 1 0.000000 0.000000 0.000000
3 1707737244 1.000000 1 1.000000 1.000000 1.000000
4 1707737244 1.000000 1 1.000000 1.000000 1.000000
1 1707737245 3.000000 1 3.000000 3.000000 3.000000
2 1707737245 0.000000 1 0.000000 0.000000 0.000000
3 1707737245 1.000000 1 1.000000 1.000000 1.000000
4 1707737245 1.000000 1 1.000000 1.000000 1.000000
1 1707737246 3.000000 1 3.000000 3.000000 3.000000
2 1707737246 0.000000 1 0.000000 0.000000 0.000000
3 1707737246 1.000000 1 1.000000 1.000000 1.000000
4 1707737246 1.000000 1 1.000000 1.000000 1.000000
1 1707737247 3.000000 1 3.000000 3.000000 3.000000
2 1707737247 0.000000 1 0.000000 0.000000 0.000000
3 1707737247 1.000000 1 1.000000 1.000000 1.000000
4 1707737247 1.000000 1 1.000000 1.000000 1.000000
1 1707737248 3.000000 1 3.000000 3.000000 3.000000
2 1707737248 0.000000 1 0.000000 0.000000 0.000000
3 1707737248 1.000000 1 1.000000 1.000000 1.000000
4 1707737248 1.000000 1 1.000000 1.000000 1.000000
1 1707737249 3.000000 1 3.000000 3.000000 3.000000
2 1707737249 0.000000 1 0.000000 0.000000 0.000000
3 1707737249 1.000000 1 1.000000 1.000000 1.000000
4 1707737249 1.000000 1 1.000000 1.000000 1.000000
1 1707737250 3.000000 1 3.000000 3.000000 3.000000
2 1707737250 0.000000 1 0.000000 0.000000 0.000000
3 1707737250 1.000000 1 1.000000 1.000000 1.000000
4 1707737250 1.000000 1 1.000000 1.000000 1.000000
1 1707737251 3.000000 1 3.000000 3.000000 3.000000
2 1707737251 0.000000 1 0.000000 0.000000 0.000000
3 1707737251 1.000000 1 1.000000 1.000000 1.000000
4 1707737251 1.000000 1 1.000000 1.000000 1.000000
1 1707737252 2.000000 1 2.000000 2.000000 2.000000
2 1707737252 0.000000 1 0.000000 0.000000 0.000000
3 1707737252 2.000000 1 2.000000 2.000000 2.000000
4 1707737252 1.000000 1 1.000000 1.000000 1.000000
1 1707737254 2.000000 1 2.000000 2.000000 2.000000
2 1707737254 0.000000 1 0.000000 0.000000 0.000000
3 1707737254 2.000000 1 2.000000 2.000000 2.000000
4 1707737254 1.000000 1 1.000000 1.000000 1.000000
1 1707737255 2.000000 1 2.000000 2.000000 2.000000
2 1707737255 0.000000 1 0.000000 0.000000 0.000000
3 1707737255 2.000000 1 2.000000 2.000000 2.000000
4 1707737255 1.000000 1 1.000000 1.000000 1.000000
1 1707737256 2.000000 1 2.000000 2.000000 2.000000
2 1707737256 0.000000 1 0.000000 0.000000 0.000000
3 1707737256 2.000000 1 2.000000 2.000000 2.000000
4 1707737256 1.000000 1 1.000000 1.000000 1.000000
1 1707737257 2.000000 1 2.000000 2.000000 2.000000
2 1707737257 0.000000 1 0.000000 0.000000 0.000000
3 1707737257 2.000000 1 2.000000 2.000000 2.000000
4 1707737257 1.000000 1 1.000000 1.000000 1.000000
1 1707737258 2.000000 1 2.000000 2.000000 2.000000
2 1707737258 0.000000 1 0.000000 0.000000 0.000000
3 1707737258 2.000000 1 2.000000 2.000000 2.000000
4 1707737258 1.000000 1 1.000000 1.000000 1.000000
1 1707737259 1.000000 1 1.000000 1.000000 1.000000
2 1707737259 0.000000 1 0.000000 0.000000 0.000000
3 1707737259 3.000000 1 3.000000 3.000000 3.000000
4 1707737259 1.000000 1 1.000000 1.000000 1.000000
1 1707737260 1.000000 1 1.000000 1.000000 1.000000
2 1707737260 0.000000 1 0.000000 0.000000 0.000000
3 1707737260 3.000000 1 3.000000 3.000000 3.000000
4 1707737260 1.000000 1 1.000000 1.000000 1.000000
1 1707737261 1.000000 1 1.000000 1.000000 1.000000
2 1707737261 0.000000 1 0.000000 0.000000 0.000000
3 1707737261 3.000000 1 3.000000 3.000000 3.000000
4 1707737261 1.000000 1 1.000000 1.000000 1.000000
1 1707737262 1.000000 1 1.000000 1.000000 1.000000
2 1707737262 0.000000 1 0.000000 0.000000 0.000000
3 1707737262 3.000000 1 3.000000 3.000000 3.000000
4 1707737262 1.000000 1 1.000000 1.000000 1.000000
1 1707737263 1.000000 1 1.000000 1.000000 1.000000
2 1707737263 0.000000 1 0.000000 0.000000 0.000000
3 1707737263 3.000000 1 3.000000 3.000000 3.000000
4 1707737263 1.000000 1 1.000000 1.000000 1.000000
1 1707737264 1.000000 1 1.000000 1.000000 1.000000
2 1707737264 0.000000 1 0.000000 0.000000 0.000000
3 1707737264 3.000000 1 3.000000 3.000000 3.000000
4 1707737264 1.000000 1 1.000000 1.000000 1.000000
1 1707737265 1.000000 1 1.000000 1.000000 1.000000
2 1707737265 0.000000 1 0.000000 0.000000 0.000000
3 1707737265 3.000000 1 3.000000 3.000000 3.000000
4 1707737265 1.000000 1 1.000000 1.000000 1.000000
1 1707737266 1.000000 1 1.000000 1.000000 1.000000
2 1707737266 0.000000 1 0.000000 0.000000 0.000000
3 1707737266 3.000000 1 3.000000 3.000000 3.000000
4 1707737266 1.000000 1 1.000000 1.000000 1.000000
1 1707737267 1.000000 1 1.000000 1.000000 1.000000
2 1707737267 0.000000 1 0.000000 0.000000 0.000000
3 1707737267 3.000000 1 3.000000 3.000000 3.000000
4 1707737267 1.000000 1 1.000000 1.000000 1.000000
1 1707737268 1.000000 1 1.000000 1.000000 1.000000
2 1707737268 0.000000 1 0.000000 0.000000 0.000000
3 1707737268 3.000000 1 3.000000 3.000000 3.000000
4 1707737268 1.000000 1 1.000000 1.000000 1.000000
1 1707737269 0.000000 1 0.000000 0.000000 0.000000
2 1707737269 0.000000 1 0.000000 0.000000 0.000000
3 1707737269 4.000000 1 4.000000 4.000000 4.000000
4 1707737269 1.000000 1 1.000000 1.000000 1.000000
